userID	responseGiven	reactionTime	correctResp	primeShift	trialNum	blank0_duration	prime_duration	blank1_duration	target_duration	blank2_duration	mask_duration	blank3_duration	accuracyScore
685	333	5115	286	-45	0	500	5000	0	200	398	102	101	47.700
685	40	4948	76	45	1	501	4999	0	200	400	101	102	60.000
685	31	4666	16	-45	2	501	5000	0	200	399	102	100	83.300
685	194	5379	196	45	3	500	5002	0	199	401	98	101	97.700
685	17	3142	46	45	4	500	5000	0	199	399	102	101	67.700
685	244	4645	226	-45	5	500	5000	0	198	400	102	102	80.000
685	309	4971	316	45	6	501	5001	0	199	399	101	102	92.200
685	338	2794	346	45	7	501	4999	0	199	399	102	102	91.100
685	203	4482	166	45	8	500	5002	0	201	399	100	99	58.800
685	104	4314	106	-45	9	501	5001	0	200	399	100	100	97.700
685	101	4956	136	-45	10	502	4998	0	200	399	102	101	61.100
685	277	2641	256	-45	11	500	5000	0	200	399	102	100	76.600
686	310	4876	286	-45	0	508	5008	1	188	405	93	108	73.300
686	89	3763	76	45	1	501	5007	1	203	405	93	94	85.500
686	30	4773	16	-45	2	502	5007	0	203	406	94	94	84.400
686	187	4471	196	45	3	512	4992	0	203	390	109	109	90.000
686	29	4839	46	45	4	515	4992	0	203	390	108	94	81.100
686	232	3231	226	-45	5	512	4991	1	203	391	108	109	93.300
686	301	4134	316	45	6	507	5008	1	186	406	93	110	83.300
686	321	3008	346	45	7	515	4992	0	203	405	94	94	72.200
686	159	5209	166	45	8	503	5007	1	203	405	93	94	92.200
686	106	4384	106	-45	9	503	5007	1	203	405	93	94	100.000
686	145	4075	136	-45	10	513	4992	0	202	391	109	95	90.000
686	282	2934	256	-45	11	511	4991	0	202	391	109	109	71.100
687	306	2530	286	-45	0	501	5000	0	201	400	100	98	77.700
687	38	3590	76	45	1	502	4999	0	200	400	101	98	57.700
687	356	4067	16	-45	2	502	5000	0	200	400	100	100	77.700
687	178	4249	196	45	3	500	4988	0	201	399	102	98	80.000
687	38	2730	46	45	4	501	5000	0	200	400	100	100	91.100
687	259	2843	226	-45	5	501	5000	0	200	400	100	100	63.300
687	331	3159	316	45	6	501	5000	0	199	401	100	101	83.300
687	352	4482	346	45	7	500	5001	0	202	398	101	99	93.300
687	122	2865	166	45	8	500	5000	0	201	398	102	100	51.100
687	97	3121	106	-45	9	502	5000	0	200	401	98	101	90.000
687	137	3747	136	-45	10	501	5000	0	201	399	101	98	98.800
687	303	2993	256	-45	11	501	5000	0	200	399	101	100	47.700
692	303	2367	286	-45	0	502	5000	0	200	400	100	100	81.100
692	102	2084	76	45	1	501	5000	1	200	399	100	99	71.100
692	98	2979	16	-45	2	502	5000	0	200	399	100	101	8.800
692	188	2532	196	45	3	502	5000	0	200	400	100	100	91.100
692	76	2494	46	45	4	501	5000	1	200	399	100	100	66.600
692	265	2239	226	-45	5	501	5001	0	200	400	100	99	56.600
692	313	2422	316	45	6	502	4999	0	200	400	101	100	96.600
692	328	2458	346	45	7	501	5001	0	201	399	100	100	80.000
692	181	2204	166	45	8	502	4999	1	200	400	100	100	83.300
692	130	2290	106	-45	9	502	5000	0	200	400	100	99	73.300
692	155	2148	136	-45	10	502	5000	0	200	400	100	100	78.800
692	241	2283	256	-45	11	501	5000	1	200	400	99	100	83.300
690	328	3646	286	-45	0	500	5001	0	200	400	100	100	53.300
690	52	5979	76	45	1	501	5000	0	200	399	101	101	73.300
690	33	3767	16	-45	2	501	5000	0	199	400	100	101	81.100
690	209	3511	196	45	3	500	5000	0	199	400	101	101	85.500
690	27	4119	46	45	4	501	5000	0	200	400	100	100	78.800
690	262	4186	226	-45	5	500	5001	0	200	399	100	100	60.000
690	328	3769	316	45	6	501	5000	0	200	399	100	101	86.600
690	304	2836	346	45	7	501	5000	0	212	400	100	88	53.300
690	206	3829	166	45	8	500	5000	0	199	400	101	101	55.500
690	129	4145	106	-45	9	502	5000	0	200	400	100	100	74.400
690	95	5035	136	-45	10	500	5000	0	199	400	101	101	54.400
690	272	3246	256	-45	11	500	5001	0	200	398	100	101	82.200
695	315	3121	286	-45	0	501	5000	0	201	400	100	98	67.700
695	62	4115	76	45	1	502	5000	0	200	399	100	101	84.400
695	13	4641	16	-45	2	501	5001	0	200	400	99	101	96.600
695	192	2899	196	45	3	501	4999	0	200	400	101	100	95.500
695	15	3458	46	45	4	501	4999	0	200	400	101	100	65.500
695	263	3274	226	-45	5	500	5002	0	201	399	99	101	58.800
695	320	3426	316	45	6	501	4999	0	201	398	102	100	95.500
695	348	3442	346	45	7	500	5000	0	201	398	102	100	97.700
695	169	3420	166	45	8	501	4996	0	199	400	100	101	96.600
695	86	3700	106	-45	9	500	5002	0	201	400	99	98	77.700
695	104	3527	136	-45	10	502	4999	0	200	400	100	100	64.400
695	255	2590	256	-45	11	502	5000	0	201	399	100	100	98.800
694	298	3125	286	-45	0	515	4988	0	202	400	98	98	86.600
694	59	3965	76	45	1	501	5000	0	199	400	101	99	81.100
694	347	3463	16	-45	2	500	5000	0	200	401	101	98	67.700
694	197	2847	196	45	3	501	5010	1	201	400	89	98	98.800
694	19	3401	46	45	4	500	5000	0	201	399	102	99	70.000
694	256	4749	226	-45	5	501	5001	0	201	400	100	99	66.600
694	304	2040	316	45	6	501	5000	0	211	399	101	89	86.600
694	16	3286	346	45	7	501	4999	0	199	400	102	101	66.600
694	121	2492	166	45	8	502	5000	0	201	399	101	99	50.000
694	87	2661	106	-45	9	500	5000	0	201	398	102	100	78.800
694	66	2517	136	-45	10	501	5000	0	201	399	101	98	22.200
694	271	2078	256	-45	11	501	5000	0	201	398	101	99	83.300
705	303	2057	286	-45	0	501	5001	0	200	399	100	101	81.100
705	105	3600	76	45	1	500	5000	0	202	400	101	98	67.700
705	331	5062	16	-45	2	503	4994	0	199	401	99	100	50.000
705	216	6173	196	45	3	502	4999	0	201	401	100	98	77.700
705	19	4498	46	45	4	502	5000	0	199	402	98	100	70.000
705	231	2842	226	-45	5	501	4999	0	201	399	101	100	94.400
705	338	3540	316	45	6	500	5000	0	202	399	101	98	75.500
705	344	6343	346	45	7	501	5000	0	200	401	99	100	97.700
705	137	3451	166	45	8	501	5000	0	199	401	100	100	67.700
705	81	3107	106	-45	9	502	4999	0	199	402	99	100	72.200
705	104	3746	136	-45	10	502	5000	0	201	400	100	99	64.400
705	298	3065	256	-45	11	502	4999	0	199	401	100	100	53.300
702	281	4736	286	-45	0	500	5001	0	200	400	100	100	94.400
702	76	4653	76	45	1	500	5001	0	199	400	100	101	100.000
702	53	3825	16	-45	2	501	5000	0	199	400	100	101	58.800
702	185	5721	196	45	3	501	5000	0	200	399	101	100	87.700
702	19	3162	46	45	4	500	5001	0	200	399	100	101	70.000
702	330	7331	226	-45	5	501	5000	0	199	400	100	101	-15.600
702	315	3990	316	45	6	500	5001	0	200	399	100	101	98.800
702	321	5603	346	45	7	500	5001	0	199	400	100	101	72.200
702	98	3774	166	45	8	501	5000	0	199	400	100	101	24.400
702	117	4959	106	-45	9	502	4999	0	199	400	101	101	87.700
702	112	3934	136	-45	10	500	5000	0	200	400	100	100	73.300
702	243	3384	256	-45	11	501	5000	0	200	400	100	100	85.500
710	314	4323	286	-45	0	500	5001	0	200	399	100	100	68.800
710	71	4711	76	45	1	500	5000	0	199	400	101	101	94.400
710	8	3693	16	-45	2	500	5000	0	200	399	101	101	91.100
710	202	2766	196	45	3	500	5001	0	200	399	100	101	93.300
710	27	2716	46	45	4	500	5001	0	199	400	100	101	78.800
710	233	3950	226	-45	5	501	5000	0	200	400	100	100	92.200
710	318	4830	316	45	6	500	5000	0	200	399	101	100	97.700
710	341	3524	346	45	7	501	5000	0	200	400	100	100	94.400
710	162	4036	166	45	8	501	5000	0	200	399	101	101	95.500
710	102	2806	106	-45	9	501	5000	0	200	399	100	101	95.500
710	109	3519	136	-45	10	500	5000	0	200	399	101	100	70.000
710	273	4194	256	-45	11	500	5001	0	199	400	100	101	81.100
700	297	3942	286	-45	0	501	5001	0	200	400	100	101	87.700
700	91	2354	76	45	1	500	5000	0	200	400	101	100	83.300
700	54	3383	16	-45	2	504	4997	0	200	400	100	100	57.700
700	183	3189	196	45	3	501	5000	0	201	400	100	99	85.500
700	28	4703	46	45	4	500	5000	0	201	399	101	99	80.000
700	273	2694	226	-45	5	500	5001	0	201	399	100	99	47.700
700	300	3797	316	45	6	500	5000	0	201	399	101	99	82.200
700	330	2911	346	45	7	500	5000	0	201	399	101	100	82.200
700	86	2618	166	45	8	500	5000	0	201	399	101	99	11.100
700	88	2988	106	-45	9	500	5001	0	200	400	100	100	80.000
700	113	2739	136	-45	10	501	5000	0	200	400	100	100	74.400
700	275	3021	256	-45	11	501	5000	0	201	399	101	99	78.800
714	277	3777	286	-45	0	501	5000	0	200	400	100	99	90.000
714	75	3875	76	45	1	501	5000	0	200	401	99	100	98.800
714	49	2496	16	-45	2	502	5000	0	200	400	99	100	63.300
714	161	4995	196	45	3	501	5000	0	200	400	100	99	61.100
714	13	6028	46	45	4	501	5000	0	200	400	99	100	63.300
714	248	3535	226	-45	5	502	5000	0	200	399	100	100	75.500
714	309	2608	316	45	6	501	5000	0	200	400	100	100	92.200
714	335	4051	346	45	7	501	5000	0	199	400	100	101	87.700
714	267	3073	166	45	8	502	5000	0	201	400	99	100	-12.300
714	137	3389	106	-45	9	501	5249	0	154	296	0	99	65.500
714	121	2252	136	-45	10	501	4999	0	200	400	101	100	83.300
714	271	4328	256	-45	11	501	5000	0	200	400	100	100	83.300
716	357	7509	76	45	1	501	4999	0	200	401	100	100	12.200
716	7	5906	16	-45	2	501	5000	0	201	400	99	99	90.000
716	151	5550	196	45	3	501	5000	0	200	401	99	100	50.000
716	36	5721	46	45	4	501	4999	0	201	400	100	99	88.800
716	281	4615	226	-45	5	501	5001	0	200	401	99	99	38.800
716	314	4699	316	45	6	501	5000	0	200	401	99	99	97.700
716	354	4644	346	45	7	502	5000	0	200	401	99	99	91.100
716	125	5835	166	45	8	500	5000	0	201	400	100	99	54.400
716	118	4309	106	-45	9	501	4999	0	202	400	100	98	86.600
716	111	3843	136	-45	10	500	5000	0	200	401	99	100	72.200
716	264	4283	256	-45	11	501	4999	0	200	400	100	100	91.100
706	307	4251	286	-45	0	500	4999	0	201	399	101	99	76.600
706	74	6391	76	45	1	501	5000	0	200	400	100	101	97.700
706	11	7521	16	-45	2	501	4999	0	201	399	101	100	94.400
706	239	7713	196	45	3	501	5000	0	200	400	100	100	52.200
706	18	6703	46	45	4	500	5001	0	200	400	100	100	68.800
706	255	5839	226	-45	5	502	5000	0	200	400	100	100	67.700
706	355	5835	316	45	6	501	5000	0	199	401	100	100	56.600
706	332	7673	346	45	7	501	5000	0	201	399	101	99	84.400
706	219	5272	166	45	8	500	5001	0	201	399	100	100	41.100
706	134	4854	106	-45	9	500	5000	0	201	399	101	99	68.800
706	124	5253	136	-45	10	501	5000	0	200	400	100	100	86.600
706	298	4708	256	-45	11	500	5000	0	201	399	101	100	53.300
724	300	2754	286	-45	0	505	5018	1	203	391	92	110	84.400
724	107	2848	76	45	1	475	5024	1	203	391	93	109	65.500
724	339	5917	16	-45	2	497	5037	0	203	391	93	113	58.800
724	181	3931	196	45	3	497	5000	1	202	391	109	110	83.300
724	50	3236	46	45	4	487	5000	0	203	391	109	109	95.500
724	218	4593	226	-45	5	506	5020	1	203	390	106	110	91.100
724	318	2416	316	45	6	510	5000	1	188	406	93	109	97.700
724	346	3046	346	45	7	499	5015	1	203	391	93	109	100.000
724	169	3289	166	45	8	506	5021	1	188	406	93	109	96.600
724	114	2475	106	-45	9	491	5012	1	188	406	93	109	91.100
724	114	3218	136	-45	10	509	4970	0	187	407	108	110	75.500
724	254	4719	256	-45	11	497	5000	1	203	390	109	110	97.700
718	313	4157	286	-45	0	505	4998	0	199	401	99	101	70.000
718	36	2623	76	45	1	506	4995	0	200	401	100	100	55.500
718	14	3253	16	-45	2	504	4999	0	201	399	100	100	97.700
718	197	3808	196	45	3	502	5001	0	201	400	99	100	98.800
718	31	3334	46	45	4	502	4999	0	200	401	100	100	83.300
718	226	3466	226	-45	5	501	5000	0	203	399	100	99	100.000
718	337	2752	316	45	6	500	5001	0	201	399	100	101	76.600
718	350	4269	346	45	7	502	4999	0	200	401	100	99	95.500
718	140	3418	166	45	8	501	5000	0	201	398	102	100	71.100
718	88	2300	106	-45	9	500	5000	0	201	399	101	100	80.000
718	110	5533	136	-45	10	501	5000	0	199	400	101	100	71.100
718	181	2548	256	-45	11	501	5001	0	200	401	99	100	16.600
719	331	2794	286	-45	0	501	5004	0	201	399	101	100	50.000
719	58	3100	76	45	1	501	5001	0	200	400	99	101	80.000
719	13	2520	16	-45	2	503	4999	0	198	402	99	102	96.600
719	211	3339	196	45	3	502	4999	0	199	401	100	100	83.300
719	46	4670	46	45	4	502	4998	0	200	399	101	102	100.000
719	233	3131	226	-45	5	501	4999	0	201	399	101	100	92.200
719	328	2496	316	45	6	501	5000	0	195	401	99	100	86.600
719	324	2389	346	45	7	502	4998	0	200	399	101	102	75.500
719	221	3129	166	45	8	501	5001	0	200	399	101	101	38.800
719	90	2787	106	-45	9	500	5000	0	200	398	102	101	82.200
719	110	2584	136	-45	10	501	5000	0	200	400	100	100	71.100
719	288	2344	256	-45	11	501	5000	0	198	400	101	102	64.400
729	307	2938	286	-45	0	513	4991	1	200	400	99	100	76.600
729	49	2873	76	45	1	505	4992	0	202	410	90	89	70.000
729	358	3528	16	-45	2	505	4994	0	209	391	110	90	80.000
729	185	2252	196	45	3	522	4986	0	210	390	110	100	87.700
729	28	2614	46	45	4	511	4998	0	210	400	100	91	80.000
729	223	2714	226	-45	5	492	5002	0	201	410	89	100	96.600
729	316	3271	316	45	6	517	4989	0	200	409	90	90	100.000
729	0	5501	346	45	7	507	5000	1	210	390	99	90	84.400
729	178	3079	166	45	8	505	4993	0	210	400	99	91	86.600
729	149	2462	106	-45	9	521	4990	0	199	400	100	90	52.200
729	154	4002	136	-45	10	508	4991	1	200	400	99	100	80.000
729	287	3180	256	-45	11	508	4990	1	199	400	99	101	65.500
734	309	2353	286	-45	0	501	5001	0	200	401	99	100	74.400
734	51	2563	76	45	1	502	5000	0	200	400	99	101	72.200
734	14	4276	16	-45	2	501	5001	0	200	399	100	101	97.700
734	209	3378	196	45	3	501	4999	0	200	400	101	100	85.500
734	34	3401	46	45	4	501	4999	0	200	400	101	100	86.600
734	221	2401	226	-45	5	500	5002	0	199	401	99	100	94.400
734	281	2945	316	45	6	502	5000	0	200	401	99	99	61.100
734	0	2586	346	45	7	500	5002	0	201	400	99	99	84.400
734	181	4795	166	45	8	501	5000	0	201	401	99	98	83.300
734	113	2681	106	-45	9	500	5001	0	201	399	100	100	92.200
734	104	2204	136	-45	10	502	4999	0	200	400	100	100	64.400
734	275	2405	256	-45	11	500	5010	0	201	400	99	98	78.800
727	298	3962	286	-45	0	501	5000	0	201	400	100	99	86.600
727	64	6872	76	45	1	500	5002	0	201	400	99	99	86.600
727	2	7818	16	-45	2	500	5001	0	201	400	99	99	84.400
727	107	6719	196	45	3	502	4999	0	200	401	100	100	1.100
727	18	5009	46	45	4	500	5000	0	201	400	100	99	68.800
727	219	6071	226	-45	5	500	5001	0	200	400	100	99	92.200
727	358	3709	316	45	6	501	5000	0	200	401	99	99	53.300
732	247	5956	286	-45	0	500	5000	0	199	400	101	101	56.600
727	355	8599	346	45	7	502	4999	0	201	400	100	99	90.000
732	95	3785	76	45	1	501	5001	0	199	400	99	101	78.800
727	171	3318	166	45	8	501	5000	0	200	404	99	100	94.400
727	145	3719	106	-45	9	501	4999	0	200	401	100	99	56.600
732	15	5122	16	-45	2	501	5000	0	201	398	101	100	98.800
732	48	8339	196	45	3	501	5001	0	201	399	99	100	-64.500
727	161	4362	136	-45	10	501	5000	0	200	401	99	100	72.200
727	303	3697	256	-45	11	501	5000	0	200	386	114	100	47.700
732	96	8118	46	45	4	501	5001	0	200	399	100	100	44.400
732	182	6851	226	-45	5	502	5000	0	200	400	100	100	51.100
732	329	3056	316	45	6	501	5001	0	199	400	99	102	85.500
732	4	2783	346	45	7	501	5000	0	199	400	100	101	80.000
732	180	4642	166	45	8	501	4999	0	200	398	102	101	84.400
732	114	3175	106	-45	9	502	4998	0	198	401	101	101	91.100
732	76	2812	136	-45	10	500	5000	0	200	399	101	101	33.300
732	291	4227	256	-45	11	501	4999	0	199	400	101	101	61.100
731	282	2650	286	-45	0	502	4999	0	200	401	100	99	95.500
731	52	2232	76	45	1	500	5001	0	200	401	99	99	73.300
731	31	3888	16	-45	2	500	5001	0	200	401	99	99	83.300
731	204	3416	196	45	3	500	5000	6	201	400	94	99	91.100
731	49	2289	46	45	4	500	5000	0	201	399	101	99	96.600
731	258	3113	226	-45	5	501	4999	0	201	400	100	100	64.400
731	312	2337	316	45	6	501	5000	0	201	400	100	99	95.500
731	342	2472	346	45	7	500	5002	0	200	400	99	99	95.500
731	170	3000	166	45	8	501	5001	0	200	401	98	99	95.500
731	117	2272	106	-45	9	502	4998	0	200	401	100	99	87.700
731	153	2768	136	-45	10	501	5000	0	200	401	99	99	81.100
731	279	2432	256	-45	11	500	5001	0	200	401	99	99	74.400
735	310	2297	286	-45	0	501	5000	0	200	400	100	100	73.300
735	102	4323	76	45	1	500	5000	0	200	400	99	100	71.100
735	358	5233	16	-45	2	500	5000	1	200	401	99	100	80.000
735	195	4558	196	45	3	501	4999	2	200	400	98	100	98.800
735	16	3188	46	45	4	502	5000	0	200	400	100	100	66.600
735	241	3620	226	-45	5	500	5000	0	200	400	100	100	83.300
735	318	3853	316	45	6	501	5000	0	200	400	100	100	97.700
735	334	4600	346	45	7	501	5000	1	200	400	99	100	86.600
735	168	3488	166	45	8	501	4999	1	200	400	99	101	97.700
735	100	5931	106	-45	9	501	5000	0	200	400	100	100	93.300
735	60	6062	136	-45	10	501	5000	1	201	400	99	99	15.500
735	292	2699	256	-45	11	501	4999	1	201	400	99	99	60.000
736	259	5110	286	-45	0	502	5005	0	200	389	105	100	70.000
736	68	6059	76	45	1	502	5000	0	200	401	99	99	91.100
736	342	5323	16	-45	2	500	5001	1	199	401	99	100	62.200
736	208	4814	196	45	3	501	5000	1	200	400	100	100	86.600
736	50	5706	46	45	4	501	5007	1	199	399	94	100	95.500
736	212	4660	226	-45	5	501	5000	0	200	400	100	99	84.400
736	325	5353	316	45	6	501	5005	1	200	400	94	101	90.000
736	345	6125	346	45	7	501	4999	1	200	401	99	99	98.800
736	143	3736	166	45	8	501	5001	1	200	399	99	101	74.400
736	50	10024	106	-45	9	502	4999	1	201	400	99	100	37.700
736	143	10013	136	-45	10	501	5001	1	201	399	98	100	92.200
736	12	2959	256	-45	11	501	5007	1	199	397	97	99	-28.900
