userID	responseGiven	reactionTime	correctResp	primeShift	trialNum	blank0_duration	prime_duration	blank1_duration	target_duration	blank2_duration	mask_duration	blank3_duration	accuracyScore
890	230	3806	244	-45	0	487	209	1	50	802	102	86	84.400
890	357	4479	334	-45	1	495	196	1	50	797	109	92	74.400
890	95	3087	124	45	2	491	199	0	51	801	110	93	67.700
890	42	4038	64	-45	3	500	202	0	53	799	111	89	75.500
890	203	2822	184	45	4	493	204	1	53	801	106	84	78.800
890	15	3325	4	45	5	503	204	1	53	798	99	86	87.700
890	229	4138	214	45	6	489	210	1	54	800	103	84	83.300
890	60	2831	94	45	7	505	200	0	58	794	108	87	62.200
890	329	3667	304	45	8	494	212	0	56	798	97	84	72.200
890	278	3173	274	-45	9	492	202	0	51	796	110	90	95.500
890	21	2658	34	-45	10	499	206	1	58	794	108	95	85.500
890	137	2944	154	-45	11	496	202	0	55	798	101	87	81.100
894	250	3098	244	-45	0	490	204	0	47	796	110	94	93.300
894	349	2996	334	-45	1	500	203	0	55	797	109	85	83.300
894	85	3458	124	45	2	494	209	1	55	804	102	101	56.600
894	57	2912	64	-45	3	498	202	1	47	806	109	94	92.200
894	218	2522	184	45	4	500	218	1	55	797	93	86	62.200
894	4	3079	4	45	5	525	207	1	42	802	98	97	100.000
894	234	3085	214	45	6	487	203	0	56	797	109	100	77.700
894	55	2603	94	45	7	496	204	0	55	797	109	86	56.600
894	325	2132	304	45	8	497	204	0	46	783	108	93	76.600
894	327	2173	274	-45	9	497	203	0	53	799	109	86	41.100
894	31	2753	34	-45	10	489	203	1	56	797	108	85	96.600
894	116	2837	154	-45	11	494	194	1	56	797	108	101	57.700
896	298	2150	244	-45	0	500	200	0	50	800	100	100	40.000
896	321	2360	334	-45	1	500	200	0	49	800	101	101	85.500
899	242	3798	244	-45	0	501	199	0	49	800	101	101	97.700
899	347	3557	334	-45	1	501	199	0	49	800	102	101	85.500
899	172	3472	124	45	2	501	200	0	49	800	100	101	46.600
899	23	3117	64	-45	3	500	200	0	50	800	100	100	54.400
899	205	5368	184	45	4	502	200	0	50	799	100	101	76.600
899	34	3856	4	45	5	500	200	0	49	800	101	100	66.600
899	232	4435	214	45	6	500	200	0	49	801	100	100	80.000
899	63	3955	94	45	7	500	200	0	49	801	100	100	65.500
899	274	3864	304	45	8	501	200	0	49	800	100	101	66.600
899	314	4171	274	-45	9	501	199	0	50	799	101	101	55.500
899	54	4778	34	-45	10	501	199	0	49	801	100	100	77.700
899	178	5758	154	-45	11	500	200	0	50	799	101	100	73.300
902	224	2411	244	-45	0	500	200	0	51	800	100	100	77.700
902	313	2263	334	-45	1	500	200	0	50	800	100	100	76.600
902	131	2300	124	45	2	500	200	0	51	799	101	100	92.200
902	42	2507	64	-45	3	500	200	0	51	799	101	100	75.500
902	214	2032	184	45	4	501	200	0	51	799	100	100	66.600
902	44	2132	4	45	5	502	200	0	51	799	100	100	55.500
902	186	2037	214	45	6	500	200	0	51	799	101	100	68.800
902	86	2188	94	45	7	501	200	0	51	799	100	100	91.100
902	300	2501	304	45	8	500	200	0	51	799	101	100	95.500
902	270	2443	274	-45	9	500	200	0	51	799	101	100	95.500
902	47	2436	34	-45	10	500	200	0	49	801	100	100	85.500
902	123	2332	154	-45	11	501	200	0	51	800	100	99	65.500
905	196	2589	244	-45	0	502	200	0	51	800	99	100	46.600
905	292	2577	334	-45	1	501	201	0	50	800	100	100	53.300
905	159	3082	124	45	2	500	201	0	51	800	99	99	61.100
905	18	2445	64	-45	3	500	201	0	51	801	99	100	48.800
905	208	2676	184	45	4	500	201	0	50	800	99	100	73.300
905	7	4441	4	45	5	500	201	0	51	801	99	100	96.600
905	211	2873	214	45	6	500	201	0	51	799	100	100	96.600
905	17	2363	94	45	7	500	201	0	50	800	99	100	14.400
905	286	2322	304	45	8	500	201	0	50	800	100	100	80.000
905	276	2554	274	-45	9	500	201	0	51	800	99	99	97.700
905	12	2282	34	-45	10	500	201	0	51	798	101	100	75.500
905	156	2530	154	-45	11	500	200	0	50	800	100	100	97.700
904	250	3661	244	-45	0	500	201	1	50	800	98	100	93.300
904	352	2863	334	-45	1	501	201	0	51	799	100	100	80.000
904	143	4953	124	45	2	500	201	0	51	799	100	100	78.800
904	10	3449	64	-45	3	501	200	0	50	801	99	99	40.000
904	205	3138	184	45	4	500	201	0	50	801	99	99	76.600
904	11	4390	4	45	5	500	201	0	49	801	100	100	92.200
904	210	3532	214	45	6	500	201	0	50	800	99	100	95.500
904	60	5714	94	45	7	500	201	0	51	800	99	100	62.200
904	312	4282	304	45	8	500	201	0	50	800	99	100	91.100
904	270	3637	274	-45	9	500	201	0	51	801	99	99	95.500
904	27	4115	34	-45	10	501	200	0	51	799	100	100	92.200
904	195	6046	154	-45	11	500	201	0	50	800	99	100	54.400
912	231	2591	244	-45	0	501	201	0	52	799	99	99	85.500
912	337	2331	334	-45	1	501	199	0	49	800	101	101	96.600
912	121	2598	124	45	2	501	199	0	49	799	102	101	96.600
912	40	2011	64	-45	3	502	198	0	52	799	101	100	73.300
912	180	2629	184	45	4	500	200	0	49	800	101	101	95.500
912	9	2019	4	45	5	501	201	0	52	798	100	99	94.400
912	203	2459	214	45	6	500	200	0	52	799	101	100	87.700
912	73	2270	94	45	7	500	201	0	49	799	101	101	76.600
912	288	2287	304	45	8	501	200	0	50	801	100	98	82.200
912	234	2413	274	-45	9	501	201	0	50	801	99	98	55.500
912	43	2450	34	-45	10	502	201	0	51	799	100	100	90.000
912	139	2404	154	-45	11	501	199	0	50	799	101	101	83.300
926	240	2209	244	-45	0	502	200	0	51	799	100	100	95.500
926	337	2144	334	-45	1	500	200	0	51	799	101	100	96.600
926	127	2149	124	45	2	501	199	0	51	799	101	100	96.600
926	38	2169	64	-45	3	500	200	0	50	800	100	100	71.100
926	199	2585	184	45	4	502	199	0	51	799	101	100	83.300
926	8	2289	4	45	5	500	200	0	51	800	100	100	95.500
926	207	2107	214	45	6	500	200	0	51	799	101	100	92.200
926	36	2145	94	45	7	501	199	0	51	799	101	100	35.500
926	308	2304	304	45	8	500	200	0	51	799	101	100	95.500
926	296	2097	274	-45	9	501	199	0	51	799	101	100	75.500
926	44	2170	34	-45	10	500	200	0	51	799	101	100	88.800
926	131	2209	154	-45	11	500	200	0	51	800	100	99	74.400
946	232	2983	244	-45	0	501	201	1	50	799	98	100	86.600
946	329	5123	334	-45	1	501	200	0	49	800	100	101	94.400
946	141	2826	124	45	2	501	200	0	51	800	100	100	81.100
946	339	2652	64	-45	3	501	200	0	49	802	99	100	5.500
946	267	3074	184	45	4	502	200	0	49	802	98	101	7.700
946	322	2585	4	45	5	501	200	0	50	800	100	100	53.300
946	192	4063	214	45	6	501	199	0	51	799	101	99	75.500
946	27	2890	94	45	7	502	200	0	50	801	98	100	25.500
946	313	2874	304	45	8	504	198	0	51	798	101	101	90.000
946	172	5954	274	-45	9	502	200	0	50	801	99	101	-13.400
946	23	2912	34	-45	10	502	199	0	51	800	99	101	87.700
946	241	2802	154	-45	11	500	202	0	51	799	99	100	3.300
953	352	5361	244	-45	0	500	201	0	50	800	99	101	-20.000
953	179	3415	334	-45	1	500	201	0	49	801	99	100	-72.300
953	35	3599	124	45	2	500	201	0	50	800	99	100	1.100
953	18	3230	64	-45	3	501	199	0	49	801	100	101	48.800
953	217	3261	184	45	4	500	201	0	50	800	99	100	63.300
953	237	4066	4	45	5	501	200	0	50	800	100	100	-41.200
953	245	4003	214	45	6	500	201	0	49	800	100	101	65.500
953	295	3217	94	45	7	501	199	0	49	801	100	101	-76.700
953	24	2625	304	45	8	501	199	0	50	800	100	100	11.100
953	234	3043	274	-45	9	501	199	0	49	801	100	101	55.500
953	9	2458	34	-45	10	501	199	0	50	800	100	100	72.200
953	48	2479	154	-45	11	501	200	0	50	800	100	100	-17.800
954	236	3430	244	-45	0	502	200	0	51	800	99	100	91.100
954	337	4052	334	-45	1	501	200	0	52	800	99	99	96.600
954	115	3964	124	45	2	501	200	0	51	799	100	100	90.000
954	40	3053	64	-45	3	500	201	0	51	800	99	99	73.300
954	185	3509	184	45	4	502	200	0	51	800	99	99	98.800
954	10	2843	4	45	5	501	201	0	51	799	100	100	93.300
954	214	4772	214	45	6	500	201	0	51	800	99	99	100.000
954	254	5221	94	45	7	501	200	0	51	800	99	99	-77.800
954	311	4747	304	45	8	501	201	0	51	800	99	100	92.200
954	237	3292	274	-45	9	500	201	0	50	800	99	100	58.800
954	31	3118	34	-45	10	500	201	0	50	800	99	100	96.600
954	186	3779	154	-45	11	501	200	0	50	800	99	100	64.400
956	228	2555	244	-45	0	505	187	0	48	796	110	109	82.200
956	332	2921	334	-45	1	502	187	1	48	797	109	108	97.700
956	118	2008	124	45	2	510	188	0	48	797	109	109	93.300
956	64	2312	64	-45	3	487	203	0	48	797	109	108	100.000
956	209	2062	184	45	4	494	203	0	48	797	109	108	72.200
956	14	2308	4	45	5	494	203	0	48	797	108	93	88.800
956	235	2331	214	45	6	515	188	0	48	797	109	108	76.600
956	66	2166	94	45	7	507	187	1	48	797	109	108	68.800
956	252	2111	304	45	8	500	203	0	48	797	109	109	42.200
956	307	2187	274	-45	9	493	203	0	48	796	110	93	63.300
956	49	2060	34	-45	10	509	188	0	48	797	109	108	83.300
956	150	2374	154	-45	11	498	203	1	49	797	108	107	95.500
962	232	4014	244	-45	0	500	201	0	50	800	99	100	86.600
962	310	2223	334	-45	1	500	232	0	50	800	69	101	73.300
962	114	2130	124	45	2	500	201	0	50	801	99	100	88.800
962	54	2378	64	-45	3	500	201	0	50	801	99	99	88.800
962	228	2079	184	45	4	501	200	0	50	800	100	100	51.100
962	22	2250	4	45	5	500	206	0	50	800	94	110	80.000
962	235	2011	214	45	6	501	200	0	50	801	99	99	76.600
962	51	2132	94	45	7	500	201	0	50	800	99	100	52.200
962	306	2361	304	45	8	501	201	0	49	801	99	101	97.700
962	308	2096	274	-45	9	501	200	0	49	785	114	101	62.200
962	72	2203	34	-45	10	536	165	0	45	805	99	100	57.700
973	317	2743	244	-45	0	510	186	1	54	794	111	102	18.800
973	315	2456	334	-45	1	501	207	3	63	794	105	90	78.800
973	96	2371	124	45	2	513	195	0	55	800	105	96	68.800
973	358	2303	64	-45	3	500	188	0	45	801	109	107	26.600
973	245	2793	184	45	4	512	199	1	62	800	97	89	32.200
973	50	2288	4	45	5	509	192	1	48	803	102	101	48.800
973	224	3197	214	45	6	488	208	0	55	793	106	100	88.800
973	67	2959	94	45	7	511	199	0	65	795	99	91	70.000
973	317	2213	304	45	8	512	194	1	60	796	104	93	85.500
973	307	2360	274	-45	9	511	199	1	62	797	96	94	63.300
973	239	2877	34	-45	10	505	195	0	53	795	104	102	-72.300
973	111	3992	154	-45	11	502	194	1	49	802	101	101	52.200
972	231	2527	244	-45	0	500	202	0	49	800	100	101	85.500
972	339	2012	334	-45	1	501	202	0	50	800	98	100	94.400
972	127	2378	124	45	2	501	200	0	50	800	100	99	96.600
972	36	2357	64	-45	3	500	201	0	48	803	99	99	68.800
972	188	2482	184	45	4	501	201	0	51	800	98	99	95.500
972	20	2331	4	45	5	501	201	0	51	800	98	101	82.200
972	209	2504	214	45	6	500	201	0	50	799	100	100	94.400
972	85	2487	94	45	7	501	200	0	51	800	100	100	90.000
972	295	2761	304	45	8	501	200	0	51	800	99	99	90.000
972	252	2403	274	-45	9	502	199	0	49	801	99	100	75.500
972	36	2700	34	-45	10	501	200	0	52	800	99	98	97.700
972	161	2012	154	-45	11	502	199	0	51	799	100	99	92.200
977	291	2471	244	-45	0	501	200	0	50	800	100	100	47.700
977	327	2531	334	-45	1	501	200	0	50	800	100	99	92.200
977	129	2059	124	45	2	502	200	0	50	801	99	99	94.400
977	31	5147	64	-45	3	500	200	0	50	799	101	101	63.300
977	246	4492	184	45	4	502	200	0	50	799	100	100	31.100
977	357	2908	4	45	5	501	200	0	50	800	100	100	92.200
977	271	8661	214	45	6	501	199	0	49	801	99	100	36.600
977	91	2121	94	45	7	502	199	1	50	800	100	100	96.600
977	328	2329	304	45	8	502	200	0	50	800	99	100	73.300
977	271	2057	274	-45	9	501	200	0	50	800	100	100	96.600
977	6	2626	34	-45	10	501	200	0	50	799	101	100	68.800
977	150	2010	154	-45	11	501	200	0	49	801	99	101	95.500
982	198	2391	244	-45	0	500	200	1	50	799	101	100	48.800
982	329	2858	334	-45	1	501	200	0	50	799	101	102	94.400
982	130	2406	124	45	2	501	200	0	50	800	100	101	93.300
982	12	2331	64	-45	3	501	200	0	50	801	99	100	42.200
982	184	2083	184	45	4	501	201	0	50	801	99	100	100.000
982	355	2286	4	45	5	500	201	0	50	800	101	98	90.000
982	174	2180	214	45	6	501	199	0	50	801	101	99	55.500
982	17	2066	94	45	7	501	200	0	50	801	99	100	14.400
