userID	responseGiven	reactionTime	correctResp	primeShift	trialNum	blank0_duration	prime_duration	blank1_duration	target_duration	blank2_duration	mask_duration	blank3_duration	accuracyScore
890	80	4075	80	45	0	492	203	1	102	399	110	93	100.000
890	82	3614	110	-45	1	496	200	0	109	393	107	95	68.800
890	11	5223	20	-45	2	495	208	1	108	392	97	100	90.000
890	334	5715	320	45	3	487	214	0	107	393	99	99	84.400
890	158	2967	170	-45	4	494	205	0	107	393	109	96	86.600
890	300	3677	260	45	5	495	202	1	111	387	113	98	55.500
890	148	5675	140	-45	6	486	205	0	112	390	109	96	91.100
890	268	6464	200	45	7	508	191	0	105	392	110	99	24.400
890	38	2875	50	-45	8	500	198	1	99	402	108	98	86.600
890	356	5271	350	-45	9	503	209	0	101	401	98	98	93.300
890	311	3446	290	45	10	493	211	1	112	388	102	96	76.600
890	228	2776	230	45	11	491	210	0	106	392	99	100	97.700
894	94	2466	80	45	0	488	212	1	108	396	102	94	84.400
894	108	2524	110	-45	1	502	190	0	103	397	108	94	97.700
894	355	2783	20	-45	2	496	203	0	109	391	109	94	72.200
894	340	3285	320	45	3	488	203	1	110	390	109	108	77.700
894	173	2571	170	-45	4	489	201	1	109	390	109	94	96.600
894	305	3169	260	45	5	509	188	0	109	391	109	94	50.000
894	154	2228	140	-45	6	499	203	0	108	392	109	94	84.400
894	248	2201	200	45	7	507	192	0	109	391	109	94	46.600
894	42	2981	50	-45	8	499	203	1	109	391	108	94	91.100
894	355	3277	350	-45	9	501	203	1	109	392	113	94	94.400
894	331	4813	290	45	10	498	202	0	108	392	108	95	54.400
894	255	2396	230	45	11	502	188	0	109	391	109	95	72.200
896	33	2164	80	45	0	501	200	0	100	400	100	100	47.700
896	10	2094	110	-45	1	500	200	0	101	399	101	99	-11.200
897	68	2150	80	45	0	502	199	0	100	401	100	99	86.600
897	99	2141	110	-45	1	501	200	0	98	402	99	101	87.700
897	21	2381	20	-45	2	501	200	0	101	400	99	99	98.800
897	292	2890	320	45	3	501	200	0	100	402	99	99	68.800
897	209	2574	170	-45	4	501	200	0	100	400	99	101	56.600
897	262	3763	260	45	5	501	200	0	98	401	100	101	97.700
897	156	2597	140	-45	6	501	200	0	100	401	99	99	82.200
897	210	3931	200	45	7	501	200	0	99	401	99	101	88.800
897	50	3801	50	-45	8	500	200	0	100	400	101	99	100.000
897	333	3718	350	-45	9	502	199	0	100	401	99	99	81.100
897	310	3229	290	45	10	500	201	0	98	401	100	100	77.700
897	233	3131	230	45	11	501	200	0	100	400	100	100	96.600
899	105	3534	80	45	0	501	200	0	100	400	100	100	72.200
899	131	5236	110	-45	1	500	202	0	100	400	100	100	76.600
899	7	4413	20	-45	2	500	200	0	101	399	101	99	85.500
899	338	5751	320	45	3	501	199	0	100	400	101	100	80.000
899	212	3902	170	-45	4	500	200	0	100	400	101	100	53.300
899	308	2988	260	45	5	501	200	0	100	400	100	100	46.600
899	130	6285	140	-45	6	502	200	0	100	400	100	100	88.800
899	232	5174	200	45	7	501	200	0	100	400	101	100	64.400
899	50	4683	50	-45	8	501	200	0	100	400	100	100	100.000
899	352	4212	350	-45	9	501	200	0	100	400	100	100	97.700
899	309	3810	290	45	10	501	200	0	100	400	100	100	78.800
899	200	3845	230	45	11	500	201	0	100	400	100	100	66.600
902	77	3219	80	45	0	500	200	2	101	399	100	100	96.600
902	96	2644	110	-45	1	500	200	0	100	400	100	100	84.400
902	25	2042	20	-45	2	502	199	0	100	400	101	100	94.400
902	318	2179	320	45	3	500	200	0	100	400	100	100	97.700
902	169	3250	170	-45	4	1554	200	0	101	399	100	100	98.800
902	310	2577	260	45	5	501	200	0	101	399	100	100	44.400
902	124	2006	140	-45	6	500	200	0	100	400	100	100	82.200
902	190	2225	200	45	7	500	202	0	101	399	100	100	88.800
902	43	2733	50	-45	8	501	200	0	101	399	100	100	92.200
902	355	2265	350	-45	9	501	200	0	101	399	100	100	94.400
902	311	2395	290	45	10	500	200	0	101	399	101	100	76.600
902	219	2241	230	45	11	501	200	0	101	399	100	100	87.700
904	98	4505	80	45	0	500	201	0	100	400	100	100	80.000
904	145	3593	110	-45	1	500	201	0	100	400	99	100	61.100
904	8	3539	20	-45	2	500	201	0	100	400	99	100	86.600
904	292	5334	320	45	3	500	201	0	100	401	99	100	68.800
904	163	5287	170	-45	4	501	200	0	100	400	100	100	92.200
904	318	3797	260	45	5	500	201	0	100	400	99	100	35.500
904	135	3389	140	-45	6	500	201	0	100	400	99	100	94.400
904	48	4164	50	-45	8	500	201	0	99	401	99	100	97.700
904	307	3540	350	-45	9	500	201	0	100	400	99	100	52.200
904	243	4080	200	45	7	501	201	0	100	399	101	99	52.200
904	245	3733	290	45	10	501	200	0	100	400	100	100	50.000
904	223	4366	230	45	11	500	201	0	99	400	100	101	92.200
905	99	2412	80	45	0	501	200	0	98	402	99	101	78.800
905	143	2389	110	-45	1	501	201	0	99	401	99	101	63.300
905	1	2050	20	-45	2	500	200	0	100	400	100	100	78.800
905	311	2219	320	45	3	502	199	0	99	401	100	101	90.000
905	127	2133	170	-45	4	500	201	0	100	400	100	100	52.200
905	269	3506	260	45	5	500	201	0	100	401	99	100	90.000
905	134	2745	140	-45	6	500	201	0	100	400	100	100	93.300
905	261	2987	200	45	7	500	201	0	100	400	100	100	32.200
905	51	3119	50	-45	8	500	201	0	100	400	100	100	98.800
905	297	2760	350	-45	9	500	201	0	99	401	99	101	41.100
905	288	2047	290	45	10	500	201	0	99	401	99	101	97.700
905	235	3023	230	45	11	500	201	0	100	400	100	100	94.400
912	85	2276	80	45	0	501	200	0	100	399	100	101	94.400
912	113	2218	110	-45	1	502	198	2	102	398	101	99	96.600
912	7	2345	20	-45	2	501	199	0	101	399	101	101	85.500
912	309	2323	320	45	3	502	198	0	101	399	102	100	87.700
912	148	2319	170	-45	4	502	199	0	100	400	100	101	75.500
912	251	2009	260	45	5	501	200	0	101	399	101	100	90.000
912	141	2411	140	-45	6	501	201	0	101	399	100	100	98.800
912	198	3816	200	45	7	502	198	0	100	400	101	101	97.700
912	54	2561	50	-45	8	500	200	0	101	398	102	100	95.500
912	0	2203	350	-45	9	501	200	0	102	399	100	99	88.800
912	270	2082	290	45	10	500	201	0	100	400	100	101	77.700
912	207	2393	230	45	11	501	199	0	99	401	101	101	74.400
926	64	2523	80	45	0	500	200	0	101	399	101	100	82.200
926	124	2389	110	-45	1	500	200	0	101	399	101	100	84.400
926	41	2537	20	-45	2	500	200	0	100	400	100	100	76.600
926	337	2339	320	45	3	501	199	0	100	400	100	100	81.100
926	182	2453	170	-45	4	501	199	0	101	399	101	100	86.600
926	260	2455	260	45	5	502	200	0	101	399	100	100	100.000
926	126	2255	140	-45	6	501	200	0	101	399	100	100	84.400
926	217	2231	200	45	7	501	199	0	100	400	100	100	81.100
926	57	2608	50	-45	8	501	200	0	101	399	100	100	92.200
926	7	2046	350	-45	9	501	199	0	101	399	101	100	81.100
926	282	2302	290	45	10	500	200	0	100	400	100	100	91.100
926	223	2082	230	45	11	500	200	0	100	400	100	100	92.200
934	84	2331	80	45	0	504	221	0	96	404	75	100	95.500
934	113	2570	110	-45	1	501	200	1	100	400	99	100	96.600
934	29	2079	20	-45	2	504	197	0	100	400	100	100	90.000
934	322	2237	320	45	3	501	200	0	100	400	100	100	97.700
934	202	2299	170	-45	4	501	200	0	108	400	100	108	64.400
934	287	2045	260	45	5	500	200	0	94	406	100	100	70.000
934	155	2329	140	-45	6	501	201	0	100	400	99	100	83.300
934	176	5477	200	45	7	500	200	1	100	400	99	100	73.300
934	65	2421	50	-45	8	502	200	1	96	383	120	100	83.300
934	355	2164	350	-45	9	501	200	0	100	400	100	100	94.400
934	302	2124	290	45	10	501	200	0	100	400	100	100	86.600
934	242	2145	230	45	11	500	200	0	100	400	100	100	86.600
946	55	2485	80	45	0	502	199	1	99	400	99	102	72.200
946	13	2834	110	-45	1	505	197	1	100	400	98	101	-7.800
946	36	2111	20	-45	2	501	200	0	99	401	99	102	82.200
946	325	2148	320	45	3	501	201	0	99	400	99	101	94.400
946	205	2625	170	-45	4	501	201	0	100	400	99	100	61.100
946	316	2342	260	45	5	501	200	0	98	402	99	102	37.700
946	112	2404	140	-45	6	501	201	0	99	399	101	102	68.800
946	229	2434	200	45	7	501	202	0	99	400	99	103	67.700
946	24	2430	50	-45	8	502	200	0	99	400	99	102	71.100
946	356	2171	350	-45	9	502	200	0	98	401	99	102	93.300
946	296	3160	290	45	10	502	200	0	98	402	100	101	93.300
946	220	2465	230	45	11	501	199	0	99	401	101	100	88.800
956	60	2080	80	45	0	516	187	1	110	390	109	93	77.700
956	105	2103	110	-45	1	492	204	0	109	391	109	94	94.400
956	20	2558	20	-45	2	501	188	0	109	391	109	94	100.000
956	312	2415	320	45	3	498	202	0	109	391	109	94	91.100
956	161	2226	170	-45	4	486	203	1	110	390	109	93	90.000
956	249	2131	260	45	5	487	203	0	110	391	109	93	87.700
956	140	2126	140	-45	6	504	188	0	109	391	109	94	100.000
956	208	2229	200	45	7	509	188	0	109	391	109	94	91.100
956	56	2341	50	-45	8	499	204	0	109	391	109	94	93.300
956	16	2123	350	-45	9	498	203	0	109	391	109	94	71.100
956	265	2350	290	45	10	495	203	0	109	391	109	94	72.200
956	226	2263	230	45	11	498	192	0	109	391	109	94	95.500
954	75	3197	80	45	0	501	200	0	99	401	99	101	94.400
954	86	2289	110	-45	1	500	201	0	102	400	99	100	73.300
954	11	3225	20	-45	2	501	200	0	99	401	99	101	90.000
954	297	3514	320	45	3	500	201	0	99	401	99	101	74.400
954	222	3203	170	-45	4	501	200	0	99	401	99	101	42.200
954	263	2169	260	45	5	501	200	0	99	401	99	101	96.600
954	154	3297	140	-45	6	500	201	0	99	401	99	101	84.400
954	242	2091	200	45	7	500	201	0	100	400	99	100	53.300
954	20	2394	50	-45	8	502	200	0	99	401	99	101	66.600
954	359	2345	350	-45	9	500	201	0	99	401	99	101	90.000
954	222	2466	290	45	10	500	201	0	100	400	99	100	24.400
954	235	2753	230	45	11	501	200	0	99	401	99	101	94.400
962	70	2498	80	45	0	500	201	0	99	399	101	108	88.800
962	95	2117	110	-45	1	501	204	0	99	400	96	101	83.300
962	36	2463	20	-45	2	500	201	0	99	400	100	100	82.200
962	325	2121	320	45	3	500	201	0	100	400	99	100	94.400
962	218	2402	170	-45	4	501	200	0	100	386	113	100	46.600
962	338	2707	260	45	5	501	200	0	65	435	99	101	13.300
962	108	2143	140	-45	6	500	201	0	99	401	99	100	64.400
962	186	2224	200	45	7	501	201	0	99	401	99	101	84.400
962	69	2020	50	-45	8	501	200	0	99	401	99	101	78.800
962	353	2371	350	-45	9	500	201	0	100	401	99	99	96.600
962	302	2150	290	45	10	501	200	0	99	401	99	101	86.600
962	235	2090	230	45	11	500	200	0	99	401	99	101	94.400
972	71	2528	80	45	0	501	200	0	99	401	99	101	90.000
972	143	2525	110	-45	1	500	202	0	99	401	98	102	63.300
972	9	2434	20	-45	2	500	201	0	99	401	99	101	87.700
972	314	2134	320	45	3	500	201	0	101	400	99	100	93.300
972	134	3987	170	-45	4	501	199	0	100	401	100	100	60.000
972	269	2540	260	45	5	501	200	0	100	401	99	100	90.000
972	135	2675	140	-45	6	500	201	0	99	401	99	102	94.400
972	202	2814	200	45	7	500	202	0	100	400	98	101	97.700
972	83	2174	50	-45	8	501	201	0	99	401	98	101	63.300
972	316	2861	350	-45	9	501	201	0	100	401	99	101	62.200
972	244	2597	290	45	10	500	201	0	100	401	99	100	48.800
972	236	2571	230	45	11	500	201	0	100	400	99	101	93.300
973	75	2280	80	45	0	497	203	1	100	403	107	91	94.400
973	83	2703	110	-45	1	515	198	1	106	396	97	102	70.000
973	32	2863	20	-45	2	506	206	0	98	402	92	99	86.600
973	314	2418	320	45	3	489	214	0	105	393	99	93	93.300
973	248	2815	170	-45	4	506	191	0	113	386	110	98	13.300
973	241	2957	260	45	5	513	191	1	109	390	105	102	78.800
973	143	2481	140	-45	6	503	199	0	117	389	98	94	96.600
973	223	2888	200	45	7	505	200	0	106	392	97	102	74.400
973	40	2384	50	-45	8	497	198	0	99	400	110	98	88.800
973	2	2173	350	-45	9	500	187	1	110	390	111	97	86.600
973	327	2014	290	45	10	505	189	1	108	390	109	102	58.800
973	242	2456	230	45	11	509	192	0	106	391	107	101	86.600
977	70	2085	80	45	0	501	199	0	100	401	100	100	88.800
977	97	2244	110	-45	1	501	200	0	100	400	100	100	85.500
977	23	2110	20	-45	2	501	200	0	101	399	101	99	96.600
977	323	2267	320	45	3	501	200	0	99	401	100	100	96.600
977	187	2537	170	-45	4	500	201	0	100	400	100	100	81.100
977	317	4065	260	45	5	501	200	0	100	400	100	100	36.600
977	132	2114	140	-45	6	536	166	0	99	401	99	101	91.100
977	198	2014	200	45	7	502	199	0	101	400	100	99	97.700
977	49	2244	50	-45	8	500	201	0	100	400	100	100	98.800
977	356	2005	350	-45	9	501	199	0	100	401	100	100	93.300
977	289	2201	290	45	10	501	200	0	101	399	101	99	98.800
977	240	2128	230	45	11	502	199	1	100	400	99	101	88.800
982	87	2373	80	45	0	501	201	0	99	400	100	100	92.200
982	116	2111	110	-45	1	502	199	0	99	401	100	100	93.300
982	35	2433	20	-45	2	501	200	0	100	399	101	101	83.300
982	346	2017	320	45	3	501	199	0	101	399	101	99	71.100
982	178	2480	170	-45	4	501	200	0	101	400	100	99	91.100
982	293	2457	260	45	5	501	200	0	100	400	100	100	63.300
982	177	2122	140	-45	6	501	200	0	101	399	101	99	58.800
982	200	2217	200	45	7	501	201	0	101	399	100	99	100.000
982	30	2401	50	-45	8	500	200	0	99	400	101	100	77.700
982	352	2256	350	-45	9	503	199	0	98	402	99	101	97.700
982	181	2027	290	45	10	502	199	0	99	400	100	101	-21.200
982	216	2308	230	45	11	501	200	0	99	401	100	101	84.400
