userID	responseGiven	reactionTime	correctResp	primeShift	trialNum	blank0_duration	prime_duration	blank1_duration	target_duration	blank2_duration	mask_duration	blank3_duration	accuracyScore
987	184	5283	221	45	0	501	5000	1	48	2001	99	101	58.800
987	2	3037	341	45	1	501	5001	0	49	2000	100	101	76.600
987	192	4893	251	-45	2	501	5000	0	49	2000	100	101	34.400
987	33	5355	41	45	3	500	5012	0	50	2000	88	100	91.100
987	148	8612	101	-45	4	500	5004	0	43	2006	97	100	47.700
987	127	4399	71	-45	5	500	5001	0	50	1999	100	100	37.700
987	116	3404	131	45	6	501	5001	0	49	2000	100	101	83.300
987	5	4364	311	45	7	500	5001	0	49	2000	100	101	40.000
987	140	2990	161	-45	8	501	5000	0	50	2000	100	100	76.600
987	314	5409	281	-45	9	501	4999	0	49	2000	101	100	63.300
987	10	3357	11	-45	10	500	5000	0	50	1999	101	100	98.800
987	135	3312	191	45	11	501	5000	0	50	2001	100	99	37.700
990	277	2663	221	45	0	501	5000	0	49	2000	102	100	37.700
990	358	3260	341	45	1	500	5000	0	48	2000	102	101	81.100
990	251	4242	251	-45	2	501	5001	0	49	2000	99	102	100.000
990	52	4415	41	45	3	501	5000	0	50	2000	100	101	87.700
990	83	2536	101	-45	4	500	5000	0	49	2000	101	101	80.000
990	66	3639	71	-45	5	501	5003	0	49	2001	99	101	94.400
990	112	3776	131	45	6	500	5002	0	49	2000	100	100	78.800
990	335	2840	311	45	7	501	5001	0	50	2000	99	100	73.300
996	212	2937	221	45	0	501	5000	1	50	2000	99	101	90.000
996	53	2610	341	45	1	501	5000	0	50	2000	100	100	20.000
990	183	6470	161	-45	8	501	5000	0	49	2000	100	101	75.500
996	229	3187	251	-45	2	500	5000	0	50	1999	101	100	75.500
990	298	2390	281	-45	9	502	4999	0	49	1999	102	101	81.100
996	54	2936	41	45	3	509	5000	0	50	2002	99	99	85.500
990	20	4535	11	-45	10	500	5001	0	49	2011	101	100	90.000
996	118	2839	101	-45	4	501	5000	0	49	2001	99	101	81.100
990	139	3798	191	45	11	501	5001	0	49	2000	100	101	42.200
996	84	2630	71	-45	5	500	5001	0	49	2001	99	101	85.500
996	128	2443	131	45	6	503	4999	0	50	1999	101	101	96.600
996	281	4138	311	45	7	501	5000	0	50	2000	100	100	66.600
996	84	3379	161	-45	8	501	4999	0	49	2000	101	101	14.400
996	266	2020	281	-45	9	500	5000	0	50	2001	99	101	83.300
996	18	4686	11	-45	10	500	5001	0	50	2000	99	101	92.200
996	117	3421	191	45	11	500	5000	0	50	1999	101	101	17.700
998	279	3687	221	45	0	501	5000	0	49	2000	100	102	35.500
998	323	3724	341	45	1	501	5000	0	49	2000	100	102	80.000
998	234	3712	251	-45	2	501	5001	0	50	2000	98	102	81.100
998	305	3452	41	45	3	500	5003	0	51	1998	99	101	-6.700
998	233	4156	101	-45	4	501	5000	0	48	2001	100	102	-46.700
998	306	2460	71	-45	5	501	5000	0	50	1999	101	101	-38.900
998	187	2346	131	45	6	501	5001	0	50	2000	100	98	37.700
998	44	3537	311	45	7	500	5000	0	49	2000	102	100	-3.400
998	14	4282	161	-45	8	501	4999	0	49	2001	101	100	-63.400
998	234	2084	281	-45	9	502	4999	0	49	2000	100	102	47.700
998	275	3913	11	-45	10	505	4997	0	61	1998	100	89	-6.700
998	311	3704	191	45	11	500	5001	0	49	1999	102	100	-33.400
1005	232	5327	221	45	0	500	5000	0	50	1999	101	100	87.700
1005	331	7176	341	45	1	501	5001	0	50	1999	100	101	88.800
1005	225	7326	251	-45	2	501	4999	0	50	1999	101	101	71.100
1005	23	6895	41	45	3	500	5000	0	50	1999	101	101	80.000
1005	99	8173	101	-45	4	501	5000	0	50	2000	100	100	97.700
1005	340	8475	71	-45	5	501	5000	0	50	1999	100	101	-1.200
1005	100	7280	131	45	6	501	5000	0	50	1999	100	101	65.500
1005	320	7146	311	45	7	500	5001	0	50	1999	101	100	90.000
1005	74	5859	161	-45	8	500	5001	0	50	1999	100	101	3.300
1005	282	5488	281	-45	9	501	5000	0	50	1999	101	100	98.800
1005	7	5702	11	-45	10	500	5001	0	50	1999	100	101	95.500
1005	170	6921	191	45	11	500	5000	0	50	1999	101	100	76.600
1004	240	3622	221	45	0	496	5009	1	67	2002	97	74	78.800
1004	303	5034	341	45	1	494	5002	0	64	2000	106	75	57.700
1004	263	3773	251	-45	2	502	5009	0	58	1999	103	88	86.600
1004	39	3212	41	45	3	493	5003	0	63	2004	107	73	97.700
1004	118	3591	101	-45	4	497	4999	1	69	2000	107	74	81.100
1004	100	2785	71	-45	5	492	5006	1	64	2001	105	74	67.700
1004	110	3669	131	45	6	489	5009	1	63	1994	103	84	76.600
1004	308	4509	311	45	7	491	5011	0	68	2002	99	69	96.600
1004	106	4116	161	-45	8	493	5007	0	65	2000	107	74	38.800
1004	210	3997	281	-45	9	489	5009	1	59	2003	98	83	21.100
1004	12	4307	11	-45	10	502	4990	1	64	2004	105	75	98.800
1004	218	4426	191	45	11	494	5004	2	69	1998	103	76	70.000
1011	261	3383	221	45	0	500	5002	0	50	2000	99	100	55.500
1011	11	4751	341	45	1	501	5000	0	51	1999	100	100	66.600
1011	220	2874	251	-45	2	500	5001	0	51	2000	99	99	65.500
1011	44	4003	41	45	3	502	4999	0	51	2000	100	100	96.600
1011	133	4672	101	-45	4	501	5000	0	50	2001	99	100	64.400
1011	73	3041	71	-45	5	500	4999	0	51	2000	100	99	97.700
1011	139	2613	131	45	6	501	5000	0	50	2000	100	100	91.100
1011	327	3067	311	45	7	504	4999	0	50	2001	100	100	82.200
1011	187	4815	161	-45	8	500	5001	0	51	2000	99	99	71.100
1011	232	3974	281	-45	9	501	5001	0	51	2000	99	100	45.500
1011	22	3635	11	-45	10	502	5000	0	50	2001	99	101	87.700
1011	237	2860	191	45	11	501	5000	0	50	2001	100	100	48.800
1014	250	4036	221	45	0	501	5000	1	51	1999	100	101	67.700
1014	301	2957	341	45	1	501	4999	0	49	2000	102	103	55.500
1014	274	2502	251	-45	2	501	5000	0	50	2000	100	100	74.400
1014	4	5011	41	45	3	502	4999	1	49	2000	100	101	58.800
1014	106	2955	101	-45	4	501	5001	0	50	2000	99	100	94.400
1014	60	3483	71	-45	5	500	5000	0	49	2000	101	101	87.700
1014	80	2908	131	45	6	501	5000	0	50	2000	100	100	43.300
1014	320	3641	311	45	7	500	5001	0	49	2000	100	101	90.000
1014	144	3656	161	-45	8	501	5000	0	49	2000	100	101	81.100
1014	262	3583	281	-45	9	501	5000	0	50	1999	101	100	78.800
1014	359	3167	11	-45	10	505	4997	1	50	2000	99	100	86.600
1014	249	2520	191	45	11	501	5001	0	50	2000	100	100	35.500
1020	203	2855	221	45	0	493	4999	0	53	1999	112	87	80.000
1020	305	3642	341	45	1	496	5009	0	58	2000	101	95	60.000
1020	256	3435	251	-45	2	499	4998	0	54	2000	109	94	94.400
1020	104	3682	41	45	3	499	5000	1	47	1998	115	95	30.000
1020	156	2834	101	-45	4	491	5002	0	48	2000	110	88	38.800
1020	139	2639	71	-45	5	496	5005	0	53	1999	106	85	24.400
1020	137	2489	131	45	6	494	5000	1	47	2002	108	91	93.300
1020	231	2791	311	45	7	497	4999	0	47	1999	111	93	11.100
1020	142	3218	161	-45	8	491	5000	0	44	1999	113	94	78.800
1020	313	2488	281	-45	9	486	5000	1	52	1996	113	91	64.400
1020	11	2607	11	-45	10	496	5000	0	49	2000	111	89	100.000
1020	31	3825	191	45	11	488	5002	0	49	2000	106	92	-77.800
1025	212	3027	221	45	0	511	5019	1	32	2009	80	111	90.000
1025	3	2021	341	45	1	527	4980	0	37	1998	108	100	75.500
1025	212	2687	251	-45	2	508	5009	0	33	2001	105	101	56.600
1025	56	3010	41	45	3	520	4993	0	35	2016	92	100	83.300
1025	101	2721	101	-45	4	513	5007	0	48	2003	88	101	100.000
1025	112	2552	71	-45	5	523	4991	0	48	2004	90	100	54.400
1025	115	2443	131	45	6	520	4993	1	48	2004	86	100	82.200
1025	238	2353	311	45	7	527	4992	1	26	2006	99	100	18.800
1025	166	2315	161	-45	8	502	5027	1	39	2013	78	99	94.400
1025	310	3509	281	-45	9	516	4993	1	33	2003	105	98	67.700
1025	34	2722	11	-45	10	501	5013	0	107	2003	98	41	74.400
1025	192	2304	191	45	11	516	5007	0	46	2006	84	99	98.800
1029	236	3163	221	45	0	511	4994	1	54	2006	98	92	83.300
1029	347	2944	341	45	1	513	4994	0	58	2013	91	83	93.300
1029	254	3110	251	-45	2	509	4998	1	57	2010	92	100	96.600
1029	81	3378	41	45	3	511	4999	0	48	2000	99	93	55.500
1029	101	3300	101	-45	4	512	4995	1	46	2007	95	99	100.000
1029	300	2675	71	-45	5	506	4990	1	45	2012	93	93	-45.600
1029	195	4524	131	45	6	509	4991	0	55	2011	95	96	28.800
1029	264	3141	311	45	7	514	4996	1	53	2012	90	88	47.700
1029	151	2556	161	-45	8	513	4999	0	47	2009	90	94	88.800
1029	104	3242	281	-45	9	509	4997	0	46	2008	93	103	-96.700
1029	263	2577	11	-45	10	502	4992	0	33	2028	96	102	-20.000
1029	177	2663	191	45	11	514	4996	0	58	2008	94	82	84.400
1026	234	3000	221	45	0	501	4995	0	52	2008	95	98	85.500
1026	345	2449	341	45	1	513	5000	1	55	2011	85	97	95.500
1026	222	3230	251	-45	2	513	4994	0	47	2014	92	100	67.700
1026	103	3185	41	45	3	496	5007	0	71	2006	93	79	31.100
1026	102	2878	101	-45	4	501	4994	1	47	2006	98	94	98.800
1026	199	2542	71	-45	5	515	5000	0	52	2012	87	96	-42.300
1026	151	2678	131	45	6	510	5004	0	43	2007	96	99	77.700
1026	352	3281	311	45	7	503	4996	0	74	2006	97	74	54.400
1026	332	2855	161	-45	8	510	4999	0	51	2009	90	98	-90.000
1026	241	2481	281	-45	9	512	4994	1	53	2008	93	97	55.500
1026	199	3786	11	-45	10	506	5004	0	46	2017	91	96	-91.200
1026	191	4214	191	45	11	512	4999	1	47	2008	92	92	100.000
1030	275	6116	221	45	0	494	4985	1	53	2016	108	88	40.000
1030	321	6242	341	45	1	498	5000	1	49	2000	109	107	77.700
1030	253	6245	251	-45	2	509	4985	0	50	2000	109	91	97.700
1030	49	3298	41	45	3	487	5000	1	50	2000	108	106	91.100
1030	95	3022	101	-45	4	504	5000	1	50	2000	93	106	93.300
1030	90	4307	71	-45	5	495	5010	0	50	2000	109	91	78.800
1030	168	3770	131	45	6	509	5000	1	50	2000	93	107	58.800
1030	288	3653	311	45	7	502	4985	0	50	2000	109	106	74.400
1030	189	4366	161	-45	8	498	4998	1	50	2000	108	107	68.800
1030	247	3473	281	-45	9	500	5016	0	50	2000	93	107	62.200
1030	334	3669	11	-45	10	513	5000	1	50	2000	93	107	58.800
1030	210	3649	191	45	11	494	5014	0	49	2000	94	92	78.800
1034	212	4137	221	45	0	501	5008	1	55	2000	91	96	90.000
1034	332	4342	341	45	1	501	5001	0	54	2000	99	97	90.000
1034	188	3632	251	-45	2	501	5001	0	63	1992	115	80	30.000
1034	33	4333	41	45	3	502	4998	0	57	1998	100	93	91.100
1034	78	5900	101	-45	4	501	5009	1	53	2001	90	98	74.400
1034	59	4627	71	-45	5	501	5005	1	63	2001	94	87	86.600
1034	93	3956	131	45	6	502	4999	1	62	2000	99	88	57.700
1034	318	4979	311	45	7	501	5000	1	57	2001	99	92	92.200
1034	123	2891	161	-45	8	501	5008	1	61	2001	91	89	57.700
1034	340	2625	281	-45	9	501	5000	1	60	2001	98	90	34.400
1034	2	4406	11	-45	10	502	4999	1	62	2000	99	88	90.000
1034	145	5586	191	45	11	501	5001	0	62	2000	99	88	48.800
1038	159	2831	221	45	0	501	5000	0	52	2000	99	99	31.100
1038	19	5100	341	45	1	501	5000	0	52	1999	100	99	57.700
1038	249	2502	251	-45	2	500	5000	0	50	2001	100	99	97.700
1038	45	2671	41	45	3	502	4998	0	51	2000	100	100	95.500
1038	75	3962	101	-45	4	502	4999	0	51	2000	100	99	71.100
1038	86	2786	71	-45	5	500	4996	0	51	2000	99	100	83.300
1038	91	3259	131	45	6	502	4999	0	52	2000	99	99	55.500
1038	316	4263	311	45	7	501	5000	0	51	2000	100	99	94.400
1038	134	3739	161	-45	8	501	5000	0	51	2000	100	98	70.000
1038	266	2339	281	-45	9	502	4998	0	50	2000	101	99	83.300
1038	356	3803	11	-45	10	502	4999	0	52	2000	99	99	83.300
1038	252	3927	191	45	11	501	5001	0	50	2001	99	100	32.200
1050	208	3383	221	45	0	547	4994	0	37	2009	92	117	85.500
1050	342	6753	341	45	1	556	4994	0	30	2017	84	99	98.800
1050	213	5018	251	-45	2	504	5010	1	34	2012	88	117	57.700
1050	67	4230	41	45	3	500	5007	0	44	2032	98	100	71.100
1050	76	3517	101	-45	4	505	5008	0	43	2033	98	100	72.200
1050	92	3552	71	-45	5	506	5006	0	27	2048	98	100	76.600
1050	87	4687	131	45	6	500	5005	1	29	2047	99	100	51.100
1050	323	5073	311	45	7	528	5022	0	26	2020	80	117	86.600
1050	169	6418	161	-45	8	502	5060	0	50	1996	89	100	91.100
1050	307	5450	281	-45	9	530	5032	0	35	2011	89	100	71.100
1050	308	4337	11	-45	10	514	5049	0	52	2010	74	100	30.000
1050	189	4195	191	45	11	514	5042	0	42	2005	80	99	97.700
1052	257	4181	221	45	0	501	5000	0	51	2000	100	99	60.000
1052	307	4767	341	45	1	500	5001	0	50	2001	99	100	62.200
1052	282	4969	251	-45	2	502	5000	0	51	1999	100	99	65.500
1052	32	4362	41	45	3	501	5003	0	50	2000	100	100	90.000
1052	123	3699	101	-45	4	501	5000	0	51	2000	99	100	75.500
1052	40	4163	71	-45	5	501	5000	0	50	2000	100	100	65.500
1052	132	3364	131	45	6	502	5001	0	50	2001	98	100	98.800
1052	331	4404	311	45	7	501	5000	0	50	2000	100	100	77.700
1052	99	3530	161	-45	8	501	5000	0	50	2001	99	99	31.100
1052	263	4378	281	-45	9	500	5001	0	50	2000	100	100	80.000
1052	180	3118	191	45	11	501	5000	0	50	2000	100	100	87.700
1055	202	3434	221	45	0	509	5008	1	52	1992	92	99	78.800
1055	152	4896	341	45	1	500	5008	0	41	2013	93	99	-90.000
1055	213	10227	251	-45	2	507	4995	0	49	1994	106	110	57.700
1055	213	10227	251	-45	2	507	4995	0	49	1994	106	110	-91.200
1055	45	2239	101	-45	4	512	4992	1	51	1987	109	109	37.700
1055	68	3008	71	-45	5	502	5007	1	53	2009	93	89	96.600
1055	90	2700	131	45	6	503	5007	1	47	2001	93	105	54.400
1055	19	3253	311	45	7	506	5008	0	62	1997	93	94	24.400
1055	128	3952	161	-45	8	512	4992	0	52	1997	109	88	63.300
1055	298	3738	281	-45	9	512	4992	0	47	1997	109	109	81.100
1055	9	4181	11	-45	10	502	5009	0	53	1996	94	103	97.700
1055	169	4207	191	45	11	506	5008	0	47	1997	93	109	75.500
1056	283	2958	221	45	0	501	4999	0	50	1999	101	101	31.100
1056	325	4069	341	45	1	502	5000	0	50	2001	100	100	82.200
1056	278	3961	251	-45	2	501	4999	1	50	2000	100	100	70.000
1056	46	3272	41	45	3	500	5000	0	49	2000	101	101	94.400
1056	90	3296	101	-45	4	500	5000	0	50	1999	101	100	87.700
1056	119	2731	71	-45	5	501	5001	0	50	2000	100	100	46.600
1056	122	2683	131	45	6	501	4999	0	49	2000	101	101	90.000
1056	281	2507	311	45	7	500	5001	0	49	2000	100	101	66.600
1056	168	2739	161	-45	8	501	5000	1	50	1999	100	100	92.200
1056	245	2995	281	-45	9	500	5001	0	49	2000	100	101	60.000
1056	333	2016	11	-45	10	500	5001	0	49	2000	100	101	57.700
1056	212	3240	191	45	11	501	5000	0	50	2000	100	100	76.600
1060	233	4791	221	45	0	501	5000	0	51	2000	100	100	86.600
1060	346	6010	341	45	1	500	5001	0	48	2001	100	101	94.400
1060	269	3634	251	-45	2	500	4999	0	49	2000	101	100	80.000
1060	29	3675	41	45	3	501	5000	0	49	2000	100	101	86.600
1060	107	3063	101	-45	4	501	5000	0	49	2000	100	101	93.300
1060	107	3328	71	-45	5	502	4999	0	49	2000	100	101	60.000
1060	113	3747	131	45	6	501	5000	0	49	2000	100	101	80.000
1060	321	3438	311	45	7	503	5000	0	48	2001	101	100	88.800
1060	194	3583	161	-45	8	500	5001	0	49	2000	100	100	63.300
1060	239	3405	281	-45	9	500	5003	0	49	2000	99	101	53.300
1060	345	4173	11	-45	10	500	5001	0	48	2001	100	100	71.100
1060	218	3911	191	45	11	503	5000	0	49	2000	101	100	70.000
1062	223	3809	221	45	0	501	5001	0	52	1999	99	98	97.700
1062	24	5548	341	45	1	530	4970	0	30	2021	100	100	52.200
1062	232	6147	251	-45	2	501	4999	0	52	2001	100	99	78.800
1062	32	3827	41	45	3	501	4999	0	49	2000	101	101	90.000
1062	52	5215	101	-45	4	501	4999	0	49	2001	101	101	45.500
1062	51	3454	71	-45	5	501	4999	0	38	2012	101	99	77.700
1062	239	3811	131	45	6	501	4999	0	50	1999	101	101	-20.000
1062	320	5552	311	45	7	502	4998	0	49	2000	100	102	90.000
1062	200	3160	161	-45	8	528	4996	0	49	2000	78	100	56.600
1062	312	3629	281	-45	9	502	5000	0	49	2000	99	102	65.500
1062	315	4721	11	-45	10	501	5000	0	49	2000	101	100	37.700
1062	215	3072	191	45	11	501	4999	0	49	2001	101	101	73.300
1063	185	4747	221	45	0	500	5001	1	50	1998	101	100	60.000
1063	317	3896	341	45	1	503	4997	1	50	2000	99	101	73.300
1063	286	4071	251	-45	2	500	5001	0	50	2000	100	100	61.100
1063	67	4979	41	45	3	501	5000	0	50	2000	100	100	71.100
1063	119	4802	101	-45	4	500	5003	0	50	2000	98	100	80.000
1063	77	4209	71	-45	5	528	4973	0	50	2000	100	101	93.300
1063	109	4961	131	45	6	500	5000	1	49	2001	99	100	75.500
1063	320	5491	311	45	7	501	5000	0	50	2000	100	100	90.000
1063	168	5834	161	-45	8	500	5001	0	49	2001	99	101	92.200
1063	296	5765	281	-45	9	501	5000	0	50	2000	100	100	83.300
1063	13	6645	11	-45	10	501	5000	1	50	2000	99	100	97.700
1063	176	5057	191	45	11	501	5000	0	81	2002	100	67	83.300
