userID	responseGiven	reactionTime	correctResp	primeShift	trialNum	blank0_duration	prime_duration	blank1_duration	target_duration	blank2_duration	mask_duration	blank3_duration	accuracyScore
776	167	2112	144	-45	0	502	199	1	53	100	99	98	74.400
776	0	2308	54	45	1	501	200	0	50	100	100	100	40.000
776	296	2453	294	45	2	501	200	1	54	100	99	97	97.700
776	161	2582	174	45	3	504	197	0	50	99	101	99	85.500
776	172	2068	204	-45	4	500	204	0	46	104	97	100	64.400
776	328	2380	114	-45	5	501	200	0	50	101	100	99	-62.300
776	153	2788	24	45	6	500	200	0	50	101	100	100	-43.400
776	114	2266	84	45	7	502	199	0	51	100	100	100	66.600
776	338	2662	354	-45	8	520	181	1	50	100	99	99	82.200
776	275	2051	234	45	9	507	200	0	49	68	127	100	54.400
776	221	2951	264	-45	10	502	200	1	51	99	98	100	52.200
776	312	2307	324	-45	11	501	200	0	49	100	100	100	86.600
786	197	4402	144	-45	0	501	200	0	50	101	99	99	41.100
786	58	3019	54	45	1	501	200	0	50	101	99	99	95.500
786	306	2253	294	45	2	501	200	0	51	100	99	99	86.600
786	250	2371	174	45	3	501	200	0	50	101	99	99	15.500
786	261	2861	204	-45	4	501	200	0	51	100	99	99	36.600
786	93	2216	114	-45	5	500	201	0	50	101	99	99	76.600
786	52	2339	24	45	6	500	201	0	50	100	99	100	68.800
786	53	2301	84	45	7	500	201	0	50	101	99	99	65.500
786	358	2793	354	-45	8	500	201	0	50	100	99	100	95.500
786	257	3688	234	45	9	500	201	0	50	101	99	99	74.400
786	291	2020	264	-45	10	501	200	0	50	100	99	100	70.000
786	312	2191	324	-45	11	501	200	0	50	101	99	99	86.600
782	126	2689	144	-45	0	501	200	0	51	98	101	101	80.000
782	77	2608	54	45	1	500	201	0	52	100	100	99	74.400
782	282	2737	294	45	2	501	201	0	51	100	99	99	86.600
782	150	2934	174	45	3	500	202	0	51	100	99	99	73.300
782	194	3106	204	-45	4	502	199	0	50	100	101	100	88.800
782	93	3545	114	-45	5	500	201	0	49	101	100	100	76.600
782	11	3568	24	45	6	500	201	0	52	98	101	99	85.500
782	100	2769	84	45	7	500	201	0	50	101	100	99	82.200
782	7	2368	354	-45	8	502	200	0	52	98	101	99	85.500
782	300	2496	234	45	9	500	201	0	51	100	100	99	26.600
782	275	2130	264	-45	10	500	201	0	49	101	99	100	87.700
782	319	3247	324	-45	11	501	200	0	50	99	101	101	94.400
829	109	4802	144	-45	0	501	200	0	50	100	100	100	61.100
829	44	4007	54	45	1	500	201	0	51	100	99	99	88.800
829	314	3771	294	45	2	501	200	0	50	100	100	100	77.700
829	223	3572	174	45	3	500	201	0	50	101	99	99	45.500
829	236	4053	204	-45	4	500	201	0	50	100	100	100	64.400
829	89	4908	114	-45	5	501	200	0	50	100	99	100	72.200
829	23	3650	24	45	6	500	201	0	50	100	100	100	98.800
829	72	5129	84	45	7	500	201	0	50	100	100	100	86.600
829	345	3584	354	-45	8	501	200	0	50	101	98	100	90.000
829	250	4136	234	45	9	501	200	3	50	101	97	100	82.200
829	277	3257	264	-45	10	502	200	0	50	100	100	100	85.500
829	319	3369	324	-45	11	501	205	0	50	101	94	101	94.400
827	194	7980	144	-45	0	501	201	0	50	100	100	100	44.400
827	61	2063	54	45	1	501	200	0	50	101	100	99	92.200
827	323	2206	294	45	2	501	201	0	49	100	100	100	67.700
827	235	2287	174	45	3	500	201	0	50	100	100	100	32.200
827	154	2545	204	-45	4	501	200	0	50	100	100	100	44.400
827	106	2039	114	-45	5	501	201	0	51	99	100	99	91.100
827	15	2196	24	45	6	502	199	0	51	99	100	100	90.000
827	54	2073	84	45	7	501	199	0	50	100	101	100	66.600
827	338	2265	354	-45	8	502	199	0	50	100	101	99	82.200
827	216	2241	234	45	9	501	200	0	49	100	100	101	80.000
827	167	2083	264	-45	10	502	199	0	51	99	101	100	-7.800
827	337	2173	324	-45	11	501	199	0	51	99	101	99	85.500
837	165	2595	144	-45	0	501	201	0	49	101	99	100	76.600
837	99	2182	54	45	1	509	191	0	49	101	100	102	50.000
837	317	2225	294	45	2	500	201	0	49	101	99	100	74.400
837	269	2493	174	45	3	501	200	0	50	100	99	100	-5.600
837	250	2213	204	-45	4	500	201	0	48	103	99	99	48.800
837	104	2517	114	-45	5	500	201	0	51	100	99	99	88.800
837	19	2461	24	45	6	501	200	0	49	101	99	100	94.400
837	113	2225	84	45	7	500	200	0	49	101	99	100	67.700
837	9	2162	354	-45	8	501	200	0	49	101	100	100	83.300
837	254	2005	234	45	9	500	201	0	50	100	99	100	77.700
837	123	2094	264	-45	10	500	201	0	50	100	99	100	-56.700
837	336	2188	324	-45	11	502	199	0	49	101	99	100	86.600
835	220	2046	144	-45	0	500	207	0	41	98	106	110	15.500
835	302	4020	54	45	1	496	211	0	44	100	97	107	-24.500
835	154	2178	294	45	2	489	203	0	44	97	110	111	-55.600
835	254	2097	174	45	3	495	195	0	44	97	109	110	11.100
835	167	2322	204	-45	4	493	205	0	45	96	108	110	58.800
835	37	2449	114	-45	5	493	203	0	44	99	108	108	14.400
835	269	2302	24	45	6	498	208	1	42	96	107	110	-27.800
835	76	3117	84	45	7	494	209	0	50	94	98	108	91.100
835	29	4043	354	-45	8	490	201	0	44	98	108	108	61.100
835	252	2203	234	45	9	502	204	0	41	98	108	111	80.000
835	207	2635	264	-45	10	499	209	0	45	97	100	107	36.600
835	42	2317	324	-45	11	507	197	0	45	97	109	107	13.300
842	84	2875	144	-45	0	498	205	1	51	98	108	100	33.300
842	62	4011	54	45	1	503	210	0	45	97	98	107	91.100
842	323	3477	294	45	2	497	193	1	51	99	109	103	67.700
842	197	3376	174	45	3	499	204	0	51	95	103	101	74.400
842	162	3573	204	-45	4	496	206	1	50	99	97	104	53.300
842	349	3062	114	-45	5	502	203	0	52	97	106	101	-38.900
842	68	2649	24	45	6	496	193	1	50	98	110	102	51.100
842	143	3898	84	45	7	504	211	0	55	94	98	100	34.400
842	352	3168	354	-45	8	497	209	1	51	96	101	100	97.700
842	301	5512	234	45	9	490	214	0	52	99	98	100	25.500
842	229	2619	264	-45	10	494	196	1	53	98	109	99	61.100
842	312	3715	324	-45	11	496	202	0	55	97	109	98	86.600
844	127	3067	144	-45	0	500	201	0	50	99	101	101	81.100
844	71	2737	54	45	1	497	201	0	49	101	100	100	81.100
844	275	3870	294	45	2	500	201	0	50	100	100	100	78.800
844	152	3089	174	45	3	501	199	0	50	99	102	101	75.500
841	123	2636	144	-45	0	500	202	0	51	102	98	98	76.600
844	239	2096	204	-45	4	502	199	0	50	101	100	100	61.100
841	18	2672	54	45	1	502	200	0	52	100	99	100	60.000
844	74	2952	114	-45	5	501	199	0	52	98	102	99	55.500
841	329	2421	294	45	2	502	199	0	51	99	101	99	61.100
841	142	2361	174	45	3	501	200	0	51	100	100	98	64.400
844	0	3961	24	45	6	502	199	0	51	99	101	100	73.300
841	162	2366	204	-45	4	502	200	0	51	101	98	98	53.300
844	102	2758	84	45	7	500	200	0	51	99	101	101	80.000
841	129	2589	114	-45	5	502	201	0	50	102	98	98	83.300
844	356	2393	354	-45	8	501	199	0	51	99	102	99	97.700
844	279	2401	234	45	9	500	200	0	50	101	101	99	50.000
841	120	2595	84	45	7	502	200	0	49	101	99	115	60.000
844	267	2350	264	-45	10	502	199	0	50	99	101	101	96.600
841	9	2690	354	-45	8	501	200	0	50	100	100	101	83.300
844	10	5032	324	-45	11	501	200	0	50	101	99	100	48.800
841	225	3366	234	45	9	501	200	0	51	99	100	100	90.000
841	309	6434	264	-45	10	501	201	0	52	100	98	98	50.000
841	346	2341	324	-45	11	501	201	0	50	101	99	99	75.500
859	156	3031	144	-45	0	502	200	0	50	101	99	99	86.600
859	49	3549	54	45	1	501	201	0	50	100	99	100	94.400
859	280	2595	294	45	2	501	200	0	50	101	99	99	84.400
859	126	3427	174	45	3	501	200	0	50	101	99	99	46.600
859	179	5562	204	-45	4	500	202	0	50	100	98	100	72.200
859	87	3264	114	-45	5	509	192	0	50	101	99	99	70.000
859	30	3443	24	45	6	501	200	0	50	101	99	99	93.300
859	137	3595	84	45	7	501	200	0	50	101	99	99	41.100
859	328	3629	354	-45	8	501	200	0	50	100	100	100	71.100
859	195	3407	234	45	9	500	200	0	50	100	100	100	56.600
859	238	3851	264	-45	10	501	200	0	50	101	99	99	71.100
859	332	3497	324	-45	11	501	200	0	50	101	99	99	91.100
871	175	4130	144	-45	0	501	200	0	49	101	99	100	65.500
871	73	3268	54	45	1	500	201	0	49	101	99	100	78.800
871	285	2907	294	45	2	500	201	0	49	101	99	100	90.000
871	120	3319	174	45	3	500	201	0	50	100	99	100	40.000
871	273	3287	204	-45	4	501	200	0	50	101	99	99	23.300
871	20	2465	114	-45	5	502	198	0	49	101	100	100	-4.500
871	208	3016	24	45	6	500	200	0	50	100	100	100	-95.600
871	72	3141	84	45	7	501	199	0	49	101	100	100	86.600
871	338	2159	354	-45	8	500	201	0	50	101	99	99	82.200
871	150	2665	234	45	9	501	200	0	49	101	99	100	6.600
871	325	2871	264	-45	10	501	200	0	49	101	99	100	32.200
871	309	2815	324	-45	11	501	200	0	50	101	99	99	83.300
875	354	3561	144	-45	0	509	187	0	48	94	109	108	-66.700
875	78	2475	54	45	1	512	188	0	48	94	109	108	73.300
875	288	2691	294	45	2	489	203	0	48	94	109	108	93.300
875	156	3592	174	45	3	492	203	0	48	93	110	109	80.000
875	332	2514	204	-45	4	495	203	1	47	93	109	109	-42.300
875	91	2962	114	-45	5	511	188	0	48	94	109	108	74.400
875	3	2178	24	45	6	499	191	1	49	93	109	108	76.600
875	59	3079	84	45	7	504	188	0	48	94	109	108	72.200
875	110	3423	354	-45	8	493	204	0	48	93	109	109	-28.900
875	236	3380	234	45	9	494	203	0	48	94	109	108	97.700
875	241	2804	264	-45	10	489	203	0	48	78	110	108	74.400
875	324	2963	324	-45	11	486	203	0	48	94	109	108	100.000
877	206	2010	144	-45	0	500	201	0	46	101	103	103	31.100
877	6	2439	54	45	1	502	199	0	51	99	100	100	46.600
877	301	2156	294	45	2	502	199	0	51	98	102	100	92.200
877	237	2340	174	45	3	502	200	0	50	100	99	100	30.000
877	205	2135	204	-45	4	501	200	0	51	99	101	101	98.800
877	80	2763	114	-45	5	501	199	0	51	98	102	100	62.200
877	138	2370	24	45	6	501	200	0	50	100	100	100	-26.700
877	82	2013	84	45	7	501	200	0	50	100	100	100	97.700
877	353	2115	354	-45	8	501	200	0	50	100	100	99	98.800
877	264	2083	234	45	9	502	199	0	48	102	99	102	66.600
877	220	2465	264	-45	10	502	200	0	50	100	99	101	51.100
877	327	2490	324	-45	11	501	204	0	50	99	102	101	96.600
