userID	responseGiven	reactionTime	correctResp	primeShift	trialNum	blank0_duration	prime_duration	blank1_duration	target_duration	blank2_duration	mask_duration	blank3_duration	accuracyScore
685	36	3258	32	45	0	501	5000	0	200	100	0	101	95.500
685	4	4451	2	-45	1	501	5000	0	201	99	0	101	97.700
685	261	2847	242	-45	2	501	4999	0	201	100	0	101	78.800
685	190	3661	182	-45	3	502	5000	0	200	99	0	101	91.100
685	286	3458	272	-45	4	501	5000	0	199	101	0	101	84.400
685	3	3237	302	45	5	501	4999	0	200	101	0	101	32.200
685	357	2930	332	45	6	501	4991	0	201	99	0	100	72.200
685	70	3175	92	45	7	501	5001	0	201	98	0	101	75.500
685	118	4589	122	45	8	501	5001	0	200	99	0	100	95.500
685	132	2901	152	-45	9	502	5000	0	200	100	0	101	77.700
685	190	2374	212	45	10	501	5000	0	199	101	0	100	75.500
685	77	2948	62	-45	11	502	4999	0	199	101	0	101	83.300
686	33	4505	32	45	0	504	5009	1	203	90	1	95	98.800
686	343	5949	2	-45	1	512	4992	1	187	109	0	109	78.800
686	232	5400	242	-45	2	503	5008	0	203	93	0	94	88.800
686	135	6931	182	-45	3	512	4992	0	187	108	1	110	47.700
686	286	3952	272	-45	4	503	5004	1	203	93	0	109	84.400
686	324	4518	302	45	5	510	4993	0	202	108	0	94	75.500
686	331	3718	332	45	6	511	4993	1	189	139	0	109	98.800
686	96	3503	92	45	7	507	5008	0	202	94	0	94	95.500
686	127	3490	122	45	8	511	4992	0	203	109	0	94	94.400
686	91	4147	152	-45	9	512	4992	0	202	109	0	94	32.200
686	268	4973	212	45	10	507	5008	1	203	92	0	95	37.700
686	49	4085	62	-45	11	515	4992	0	187	108	1	109	85.500
687	21	3104	32	45	0	501	4999	0	200	101	0	101	87.700
687	351	3732	2	-45	1	500	5003	0	199	99	0	102	87.700
687	251	3578	242	-45	2	501	5001	0	201	98	0	100	90.000
687	204	2388	182	-45	3	502	5001	0	201	99	0	99	75.500
687	274	2327	272	-45	4	500	5000	0	198	102	0	102	97.700
687	305	2465	302	45	5	501	5001	0	199	100	0	101	96.600
687	334	2350	332	45	6	502	4999	0	199	101	0	100	97.700
687	127	5458	92	45	7	500	5002	0	199	99	0	101	61.100
687	99	2436	122	45	8	501	5000	0	198	101	0	101	74.400
687	102	2073	152	-45	9	502	4999	0	201	100	0	98	44.400
687	229	2971	212	45	10	502	4997	0	200	102	0	99	81.100
687	43	2445	62	-45	11	501	5001	0	200	99	0	101	78.800
690	348	8779	32	45	0	501	5000	0	199	100	0	100	51.100
690	336	4957	2	-45	1	503	5000	0	200	100	0	100	71.100
690	334	5634	242	-45	2	503	5000	0	200	100	0	100	-2.300
690	162	3668	182	-45	3	503	5000	0	200	100	0	100	77.700
690	353	5843	272	-45	4	502	4999	0	200	101	0	100	10.000
690	336	3819	302	45	5	501	5001	0	200	99	0	100	62.200
690	356	4437	332	45	6	500	5002	0	200	100	0	99	73.300
690	130	6501	92	45	7	502	5000	0	205	100	0	98	57.700
690	92	3760	122	45	8	500	5001	0	200	100	0	100	66.600
690	155	4590	152	-45	9	501	4999	0	199	101	0	100	96.600
690	162	4051	212	45	10	501	4999	0	200	101	0	100	44.400
690	129	3199	62	-45	11	503	5000	0	200	100	0	143	25.500
692	31	2434	32	45	0	501	5001	0	200	99	1	101	98.800
692	49	3227	2	-45	1	501	5001	0	200	99	0	100	47.700
692	233	2594	242	-45	2	502	4999	0	200	101	0	100	90.000
692	144	2904	182	-45	3	502	4999	1	199	100	0	101	57.700
692	256	2546	272	-45	4	502	5000	0	200	100	0	100	82.200
692	316	2180	302	45	5	502	5000	0	200	99	1	100	84.400
692	308	2039	332	45	6	501	5000	1	199	100	0	100	73.300
692	78	5874	92	45	7	502	5000	0	200	100	0	100	84.400
692	133	2737	122	45	8	501	5001	1	200	99	0	100	87.700
692	135	2657	152	-45	9	502	5000	0	199	100	0	101	81.100
692	288	3307	212	45	10	501	5000	0	200	100	0	100	15.500
692	101	2639	62	-45	11	502	5000	0	200	99	0	100	56.600
694	19	3849	32	45	0	502	4999	0	200	101	0	99	85.500
694	4	3986	2	-45	1	502	4998	0	200	86	16	99	97.700
694	265	3370	242	-45	2	502	5000	0	200	99	0	99	74.400
694	230	3732	182	-45	3	502	5000	0	199	100	0	100	46.600
694	259	2953	272	-45	4	503	4998	0	199	102	0	99	85.500
694	315	3191	302	45	5	501	5000	0	200	101	0	99	85.500
694	299	2862	332	45	6	502	4999	0	200	101	0	99	63.300
694	104	2803	92	45	7	501	5001	0	200	99	0	100	86.600
694	109	2891	122	45	8	501	5001	0	198	101	0	101	85.500
694	130	2621	152	-45	9	502	4999	0	200	102	0	99	75.500
694	294	4201	212	45	10	500	5001	0	200	101	0	98	8.800
694	58	3940	62	-45	11	502	4999	0	201	100	0	98	95.500
695	44	3921	32	45	0	501	5000	0	200	100	0	99	86.600
695	268	3761	2	-45	1	500	5000	0	199	102	0	100	-4.500
695	246	5439	242	-45	2	500	5001	0	199	101	0	99	95.500
695	135	4880	182	-45	3	500	5000	0	198	102	0	101	47.700
695	278	2848	272	-45	4	501	5000	0	198	101	0	102	93.300
695	319	2399	302	45	5	501	5000	0	200	100	0	99	81.100
695	295	4082	332	45	6	500	5000	0	198	102	0	101	58.800
695	107	3503	92	45	7	501	5000	0	199	101	0	101	83.300
695	117	2423	122	45	8	501	5000	0	199	101	0	101	94.400
695	103	2971	152	-45	9	500	5000	0	199	102	0	101	45.500
695	223	4224	212	45	10	501	4990	0	199	101	0	101	87.700
695	39	2914	62	-45	11	502	4999	0	200	100	0	100	74.400
705	28	3545	32	45	0	501	5000	0	200	100	0	99	95.500
705	351	4573	2	-45	1	501	4999	0	200	101	0	100	87.700
705	228	2877	242	-45	2	501	5000	0	200	99	0	102	84.400
705	197	3789	182	-45	3	501	5000	0	201	99	0	99	83.300
705	254	3453	272	-45	4	501	4999	0	202	100	0	99	80.000
705	315	2959	302	45	5	502	4998	0	200	101	0	101	85.500
705	333	3430	332	45	6	500	5000	0	199	101	0	101	98.800
705	120	3631	92	45	7	502	5000	0	199	101	0	101	68.800
705	125	2837	122	45	8	501	5000	0	199	100	0	101	96.600
705	139	3068	152	-45	9	502	4999	0	201	99	0	101	85.500
705	220	4871	212	45	10	500	5006	0	199	101	0	102	91.100
705	52	3453	62	-45	11	502	4998	0	201	100	0	101	88.800
702	26	4664	32	45	0	501	4999	0	200	100	1	100	93.300
702	33	5389	2	-45	1	500	5000	0	199	101	0	100	65.500
702	260	6808	242	-45	2	513	5000	0	199	101	0	100	80.000
702	71	7356	182	-45	3	501	5001	0	200	100	0	100	-23.400
702	337	4587	272	-45	4	501	5000	0	200	100	0	100	27.700
702	303	5991	302	45	5	500	5000	3	200	100	0	100	98.800
702	355	5489	332	45	6	502	5000	0	200	100	0	100	74.400
702	153	7075	92	45	7	502	4999	0	200	100	0	100	32.200
702	153	5415	122	45	8	500	5001	0	200	100	0	100	65.500
702	122	5852	152	-45	9	501	4999	0	200	101	0	99	66.600
702	220	5941	212	45	10	501	5000	0	192	108	0	100	91.100
702	40	3715	62	-45	11	501	5001	0	200	99	0	100	75.500
706	10	4817	32	45	0	500	5000	0	199	101	0	100	75.500
706	17	5511	2	-45	1	500	5001	0	199	100	0	102	83.300
706	213	6628	242	-45	2	500	5000	0	200	101	0	99	67.700
706	162	7793	182	-45	3	501	5000	0	200	100	0	100	77.700
706	310	5064	272	-45	4	500	5000	0	199	101	0	100	57.700
706	322	7317	302	45	5	502	5000	0	200	100	0	100	77.700
706	326	3978	332	45	6	500	5001	0	199	100	0	100	93.300
706	77	7201	92	45	7	501	5000	0	200	100	0	100	83.300
706	72	3173	122	45	8	500	5001	0	199	100	0	100	44.400
706	142	6547	152	-45	9	500	5000	0	199	101	0	100	88.800
706	242	8253	212	45	10	501	4999	0	199	101	0	100	66.600
706	119	5476	62	-45	11	501	5000	0	199	100	0	100	36.600
710	18	4419	32	45	0	501	5000	0	199	100	0	100	84.400
710	1	3784	2	-45	1	501	4999	0	200	101	0	99	98.800
710	233	4463	242	-45	2	500	5001	0	199	100	0	100	90.000
714	21	4407	32	45	0	502	4999	0	200	99	0	100	87.700
710	199	3726	182	-45	3	500	5001	0	200	100	0	99	81.100
714	299	3704	2	-45	1	501	4999	0	200	100	0	100	30.000
710	284	3069	272	-45	4	501	5000	0	199	100	0	100	86.600
714	246	2477	242	-45	2	501	5000	0	200	100	0	100	95.500
710	317	3037	302	45	5	500	5000	0	200	101	0	100	83.300
714	167	2484	182	-45	3	501	5000	0	201	99	0	100	83.300
710	292	2990	332	45	6	500	5000	0	199	101	0	100	55.500
714	291	5314	272	-45	4	501	5000	0	199	100	0	101	78.800
710	80	3822	92	45	7	500	5001	0	200	100	0	100	86.600
710	87	2014	122	45	8	500	5000	0	199	101	0	100	61.100
714	288	4237	302	45	5	501	5000	0	201	98	1	100	84.400
710	78	2478	152	-45	9	500	5000	0	200	101	0	100	17.700
714	270	3380	332	45	6	501	5000	0	200	100	0	99	31.100
710	224	4598	212	45	10	500	5000	0	199	101	0	100	86.600
714	56	4521	92	45	7	500	5001	0	199	100	0	100	60.000
710	25	2590	62	-45	11	500	5001	0	201	100	0	100	58.800
714	54	2561	122	45	8	501	5000	0	199	101	0	100	24.400
714	107	2501	152	-45	9	501	5000	0	200	100	0	100	50.000
714	194	3755	212	45	10	501	5000	0	200	100	0	100	80.000
714	100	3185	62	-45	11	501	4999	0	200	101	0	100	57.700
700	36	2456	32	45	0	501	5000	0	200	100	0	100	95.500
700	10	4425	2	-45	1	500	5001	0	201	100	0	100	91.100
700	228	2623	242	-45	2	501	5001	0	200	99	0	101	84.400
700	186	2436	182	-45	3	501	5000	0	200	100	0	100	95.500
700	253	2878	272	-45	4	500	5001	0	199	101	0	100	78.800
700	315	2612	302	45	5	501	5000	0	200	100	0	100	85.500
700	310	4607	332	45	6	501	4999	0	200	101	0	100	75.500
700	101	2332	92	45	7	500	5000	0	199	101	0	100	90.000
700	129	2389	122	45	8	500	5000	0	198	102	0	100	92.200
700	86	2159	152	-45	9	500	5000	0	200	102	0	100	26.600
700	201	3637	212	45	10	501	4999	0	199	101	0	100	87.700
700	53	2907	62	-45	11	500	4999	0	199	101	0	100	90.000
716	23	3424	32	45	0	501	5000	0	200	99	0	101	90.000
716	8	5993	2	-45	1	500	5000	0	200	100	0	101	93.300
716	268	5072	242	-45	2	502	5000	0	200	99	0	101	71.100
716	106	7730	182	-45	3	501	5000	0	200	99	0	101	15.500
716	255	5348	272	-45	4	500	5000	0	200	100	0	100	81.100
716	325	4825	302	45	5	501	4999	0	201	100	0	100	74.400
716	346	5128	332	45	6	501	5000	0	200	100	0	100	84.400
716	59	3783	92	45	7	501	4999	0	201	100	0	100	63.300
716	117	5250	122	45	8	500	5000	0	199	101	0	101	94.400
716	86	6055	152	-45	9	500	5000	0	200	100	0	100	26.600
716	257	6626	212	45	10	500	5000	0	200	100	0	100	50.000
716	56	4153	62	-45	11	501	4999	0	200	100	0	101	93.300
719	3	3063	32	45	0	500	5005	0	199	96	0	103	67.700
719	52	3088	2	-45	1	501	5005	0	200	96	0	99	44.400
719	275	3124	242	-45	2	502	5000	0	201	99	0	99	63.300
719	196	4823	182	-45	3	502	4999	0	200	100	0	99	84.400
719	307	3786	272	-45	4	500	5001	0	200	97	0	100	61.100
719	323	3170	302	45	5	501	5002	0	199	99	0	102	76.600
719	350	2387	332	45	6	501	5000	0	199	100	0	101	80.000
719	93	3281	92	45	7	509	5000	0	201	91	0	100	98.800
719	90	2965	122	45	8	501	5009	0	200	91	0	101	64.400
719	182	3926	152	-45	9	501	5010	0	199	90	0	101	66.600
719	220	3794	212	45	10	501	5010	0	201	89	0	100	91.100
719	37	3136	62	-45	11	501	4997	0	201	100	0	99	72.200
718	34	5365	32	45	0	503	4999	0	200	100	0	101	97.700
718	3	4249	2	-45	1	501	5000	0	204	101	0	99	98.800
718	262	3229	242	-45	2	501	5000	1	199	99	0	102	77.700
718	176	3497	182	-45	3	501	4999	0	200	100	0	101	93.300
718	286	4074	272	-45	4	501	5000	0	200	101	0	100	84.400
718	316	5507	302	45	5	501	5001	0	202	98	0	99	84.400
718	305	3349	332	45	6	501	5001	0	201	99	0	100	70.000
718	54	3814	92	45	7	500	5000	0	202	99	0	100	57.700
718	104	2242	122	45	8	501	5000	0	199	100	0	102	80.000
718	146	3032	152	-45	9	501	5002	0	200	99	0	99	93.300
718	242	3707	212	45	10	501	5001	0	202	98	0	100	66.600
718	55	4091	62	-45	11	501	4999	0	201	100	0	101	92.200
729	359	4992	32	45	0	518	4989	1	199	98	1	101	63.300
729	5	2491	2	-45	1	496	5007	1	210	89	0	100	96.600
729	271	2539	242	-45	2	520	4990	1	199	100	0	100	67.700
729	176	3942	182	-45	3	507	4999	0	200	99	0	100	93.300
729	308	5358	272	-45	4	508	4994	0	200	99	1	110	60.000
729	319	2424	302	45	5	513	4992	0	202	100	0	100	81.100
729	309	3167	332	45	6	509	5002	2	200	86	1	111	74.400
729	110	2592	92	45	7	521	4990	0	200	100	0	100	80.000
729	152	4453	122	45	8	482	5016	0	201	89	0	110	66.600
729	167	4371	152	-45	9	505	4996	1	209	84	1	102	83.300
729	222	3043	212	45	10	496	5007	0	200	99	1	110	88.800
729	78	2569	62	-45	11	508	4993	0	200	100	0	110	82.200
724	27	2883	32	45	0	503	5010	0	203	93	1	93	94.400
724	5	4436	2	-45	1	492	5000	0	203	109	0	94	96.600
724	241	2197	242	-45	2	489	5000	0	203	108	1	94	98.800
724	156	2620	182	-45	3	489	5008	1	203	100	0	94	71.100
724	285	2504	272	-45	4	508	4984	0	204	108	1	93	85.500
724	318	2431	302	45	5	504	5000	1	203	93	0	94	82.200
724	312	3940	332	45	6	508	4991	1	203	109	0	94	77.700
724	120	4260	92	45	7	492	5000	0	203	109	0	94	68.800
724	112	3542	122	45	8	511	5000	1	204	93	0	93	88.800
724	146	4141	152	-45	9	492	5000	1	203	109	0	93	93.300
724	262	6354	212	45	10	486	5000	1	203	124	0	93	44.400
724	48	5855	62	-45	11	515	5001	0	203	93	0	94	84.400
735	28	3818	32	45	0	501	5000	0	200	99	1	100	95.500
735	356	3871	2	-45	1	500	5000	1	200	99	0	100	93.300
735	263	7133	242	-45	2	500	5001	0	200	100	0	100	76.600
735	182	3092	182	-45	3	501	5000	0	200	100	0	100	100.000
735	267	4735	272	-45	4	501	5000	0	201	100	0	99	94.400
735	325	4432	302	45	5	501	4999	1	200	99	0	100	74.400
735	323	3127	332	45	6	500	5001	1	199	99	0	101	90.000
735	170	3326	92	45	7	501	5000	0	200	99	1	100	13.300
735	73	2981	122	45	8	500	5000	1	200	99	0	100	45.500
735	83	2880	152	-45	9	501	5000	1	200	99	0	100	23.300
735	215	4672	212	45	10	500	5000	0	200	99	1	100	96.600
735	62	3409	62	-45	11	501	5000	1	200	98	0	101	100.000
734	25	2140	32	45	0	502	4999	0	201	99	0	101	92.200
734	332	3172	2	-45	1	501	4999	0	199	102	0	101	66.600
734	268	3518	242	-45	2	502	5000	0	201	99	0	99	71.100
734	203	4595	182	-45	3	502	4999	0	200	99	0	102	76.600
734	280	2418	272	-45	4	502	4998	0	200	101	0	101	91.100
734	353	2450	302	45	5	501	4999	0	200	101	0	100	43.300
734	306	2049	332	45	6	501	5001	0	201	99	0	100	71.100
734	83	2785	92	45	7	501	5001	0	200	100	0	99	90.000
734	129	2147	122	45	8	501	5001	0	200	99	0	100	92.200
734	129	2724	152	-45	9	502	4999	0	201	99	0	101	74.400
734	197	3195	212	45	10	501	5000	0	201	100	0	100	83.300
734	54	2665	62	-45	11	501	5000	0	199	101	0	101	91.100
727	20	3489	32	45	0	501	5000	0	201	99	0	100	86.600
727	345	4433	2	-45	1	502	4999	0	200	100	0	101	81.100
727	237	4818	242	-45	2	500	5000	0	200	100	0	100	94.400
727	149	3699	182	-45	3	500	5000	0	200	100	0	100	63.300
727	271	4132	272	-45	4	501	5001	0	201	99	0	100	98.800
727	350	5610	302	45	5	500	5000	0	200	100	0	100	46.600
727	339	5791	332	45	6	501	5000	0	200	100	0	100	92.200
727	155	3367	92	45	7	501	5000	0	201	99	0	101	30.000
727	139	4016	122	45	8	500	5000	0	200	100	0	100	81.100
727	139	3870	152	-45	9	501	4999	0	200	100	0	100	85.500
727	251	5096	212	45	10	500	5001	0	200	99	0	100	56.600
727	33	3990	62	-45	11	501	5000	0	200	100	0	101	67.700
731	28	2153	32	45	0	501	4999	0	201	100	0	100	95.500
731	1	2752	2	-45	1	501	5000	0	201	99	0	100	98.800
731	289	2361	242	-45	2	500	5000	0	200	100	0	100	47.700
731	166	2040	182	-45	3	500	5001	0	201	99	0	100	82.200
731	289	2848	272	-45	4	501	5000	0	201	99	0	100	81.100
731	317	2128	302	45	5	500	5000	0	201	100	0	100	83.300
731	326	2408	332	45	6	502	4998	0	201	100	0	100	93.300
731	106	2200	92	45	7	500	5000	0	201	100	0	99	84.400
731	150	3336	122	45	8	500	5001	0	200	99	0	100	68.800
731	141	3046	152	-45	9	500	5002	0	201	98	0	100	87.700
731	200	2983	212	45	10	501	5000	0	200	99	0	101	86.600
731	54	2798	62	-45	11	500	5000	0	200	100	0	101	91.100
736	272	3364	32	45	0	503	5000	1	199	98	0	102	-33.400
736	10	5003	2	-45	1	501	5001	0	200	99	0	100	91.100
736	217	4972	242	-45	2	501	5000	0	200	100	0	99	72.200
736	184	3222	182	-45	3	502	5000	0	200	99	0	100	97.700
736	255	5299	272	-45	4	502	5000	0	201	98	1	99	81.100
736	332	10002	302	45	5	502	5007	1	199	91	1	103	66.600
736	29	3161	332	45	6	501	5007	1	200	91	1	101	36.600
736	112	11348	92	45	7	501	5000	1	200	99	0	100	77.700
736	125	3370	122	45	8	501	5000	1	200	99	0	100	96.600
736	178	5104	152	-45	9	501	5000	0	200	99	1	101	71.100
736	225	4431	212	45	10	502	5000	0	200	99	0	100	85.500
736	44	3176	62	-45	11	501	5000	1	200	99	0	100	80.000
740	39	7262	32	45	0	501	5001	0	200	99	0	100	92.200
740	2	8495	2	-45	1	500	5000	0	199	101	0	101	100.000
740	220	7872	242	-45	2	500	5001	0	199	100	0	100	75.500
740	184	10001	182	-45	3	501	5002	0	200	99	0	100	97.700
740	201	10000	272	-45	4	2990	5000	0	199	100	0	100	21.100
740	326	8536	302	45	5	3620	5001	0	199	100	0	100	73.300
740	6	6741	332	45	6	501	5000	0	200	100	0	99	62.200
740	104	6689	92	45	7	501	5000	0	200	100	0	99	86.600
740	144	6789	122	45	8	501	5001	0	199	100	0	100	75.500
740	171	9266	152	-45	9	502	4999	0	200	101	0	100	78.800
740	208	8072	212	45	10	501	5000	0	200	100	0	100	95.500
740	35	8242	62	-45	11	500	5000	0	199	101	0	100	70.000
