userID	responseGiven	reactionTime	correctResp	primeShift	trialNum	blank0_duration	prime_duration	blank1_duration	target_duration	blank2_duration	mask_duration	blank3_duration	accuracyScore
890	243	5799	228	-45	0	491	409	1	92	402	95	114	83.300
890	246	3223	198	45	1	499	400	0	91	408	96	112	46.600
890	280	3695	288	-45	2	505	407	0	85	414	89	109	91.100
890	359	4122	78	-45	3	507	402	1	100	406	87	102	12.200
890	343	5004	18	45	4	492	402	1	86	414	93	114	61.100
890	144	6221	348	-45	5	520	395	0	105	403	98	99	-73.400
890	154	4007	168	45	6	507	396	0	86	415	90	114	84.400
890	276	4468	258	-45	7	502	406	0	96	409	93	103	80.000
890	81	5061	138	45	8	500	411	1	102	410	85	99	36.600
890	98	3544	108	45	9	505	406	0	99	412	87	98	88.800
890	351	4085	318	-45	10	514	394	0	93	409	92	114	63.300
890	67	4672	48	45	11	505	408	0	100	405	92	100	78.800
894	216	2559	228	-45	0	505	402	1	109	406	93	94	86.600
894	237	2612	198	45	1	503	391	0	103	406	94	100	56.600
894	306	2381	288	-45	2	505	391	0	94	389	111	109	80.000
894	49	2394	78	-45	3	514	379	1	109	407	92	94	67.700
894	21	2698	18	45	4	497	406	1	94	406	93	109	96.600
894	356	2137	348	-45	5	532	382	0	93	407	93	110	91.100
894	172	3093	168	45	6	492	407	1	89	409	89	110	95.500
894	299	2811	258	-45	7	500	405	0	94	391	109	109	54.400
894	149	3030	138	45	8	495	406	1	94	404	95	110	87.700
894	87	2795	108	45	9	487	406	0	94	406	94	109	76.600
894	342	2876	318	-45	10	491	385	1	94	415	90	109	73.300
894	73	2272	48	45	11	511	391	0	119	390	94	114	72.200
896	205	3002	228	-45	0	501	400	0	100	400	100	101	74.400
896	211	2525	198	45	1	500	400	0	100	399	101	101	85.500
896	261	2518	288	-45	2	500	400	0	100	400	100	101	70.000
896	39	2419	78	-45	3	501	400	0	100	400	100	100	56.600
896	341	2483	18	45	4	500	400	0	100	400	100	101	58.800
896	332	2735	348	-45	5	501	399	0	101	399	101	100	82.200
896	146	2975	168	45	6	502	399	0	101	399	101	100	75.500
896	287	2782	258	-45	7	501	400	0	100	400	101	100	67.700
896	135	2359	138	45	8	501	399	0	100	400	100	101	96.600
896	129	2447	108	45	9	500	400	0	100	400	100	101	76.600
896	324	2647	318	-45	10	501	399	0	102	399	101	99	93.300
896	51	2516	48	45	11	501	399	0	101	399	101	100	96.600
897	213	2668	228	-45	0	501	400	0	101	399	100	100	83.300
897	159	2852	198	45	1	501	400	0	101	400	99	100	56.600
897	284	2333	288	-45	2	500	401	0	102	399	100	99	95.500
897	321	4348	78	-45	3	501	399	0	102	399	101	100	-30.000
897	351	2606	18	45	4	501	399	0	99	400	101	101	70.000
897	348	2619	348	-45	5	501	399	0	99	401	100	101	100.000
897	203	2436	168	45	6	501	400	0	101	400	99	99	61.100
899	220	4152	228	-45	0	501	400	0	100	400	100	100	91.100
897	235	2224	258	-45	7	500	401	0	102	399	100	99	74.400
899	202	4528	198	45	1	501	399	0	101	400	101	100	95.500
897	153	2472	138	45	8	500	400	0	100	401	101	100	83.300
899	327	3842	288	-45	2	501	400	0	100	399	100	100	56.600
897	61	3918	108	45	9	501	400	0	101	400	100	99	47.700
897	277	2247	318	-45	10	501	400	0	99	400	100	102	54.400
899	72	3747	78	-45	3	500	400	0	100	400	100	101	93.300
897	73	2435	48	45	11	500	401	0	100	401	99	99	72.200
899	13	4743	18	45	4	500	400	0	100	400	100	101	94.400
899	4	5231	348	-45	5	500	400	0	101	399	101	100	82.200
899	219	4896	168	45	6	500	400	0	100	400	100	101	43.300
899	273	4874	258	-45	7	501	399	0	101	399	101	100	83.300
899	133	4398	138	45	8	501	400	0	100	400	100	100	94.400
899	89	4521	108	45	9	500	401	0	101	399	100	100	78.800
899	327	4343	318	-45	10	500	400	0	100	400	101	100	90.000
899	84	4482	48	45	11	500	400	0	100	400	100	101	60.000
902	224	2301	228	-45	0	500	401	0	100	400	100	100	95.500
902	227	2028	198	45	1	500	401	0	100	399	100	100	67.700
902	268	2698	288	-45	2	500	401	0	99	401	99	100	77.700
902	269	3013	78	-45	3	501	400	0	100	400	100	100	-87.800
902	77	10001	18	45	4	501	401	0	100	401	98	100	34.400
902	354	2639	348	-45	5	14354	400	0	100	400	100	100	93.300
902	165	2019	168	45	6	501	399	0	100	401	100	99	96.600
902	296	2708	258	-45	7	501	401	0	99	401	99	100	57.700
902	162	2114	138	45	8	500	400	0	100	401	100	99	73.300
902	118	2590	108	45	9	500	400	0	99	401	100	100	88.800
902	302	2170	318	-45	10	501	399	0	100	401	100	99	82.200
902	87	2476	48	45	11	500	401	0	100	400	100	100	56.600
904	239	3375	228	-45	0	500	400	0	100	400	100	101	87.700
904	218	5897	198	45	1	500	401	0	101	399	100	100	77.700
904	324	3434	288	-45	2	500	400	0	101	399	101	100	60.000
904	76	3609	78	-45	3	500	400	0	101	399	101	100	97.700
904	354	3489	18	45	4	501	400	0	101	400	101	99	73.300
904	2	3742	348	-45	5	501	400	0	100	400	100	100	84.400
904	190	4212	168	45	6	500	400	0	100	400	101	100	75.500
904	260	5002	258	-45	7	501	400	0	101	399	100	100	97.700
904	108	3575	138	45	8	500	400	0	100	400	100	100	66.600
904	96	3240	108	45	9	500	400	0	100	400	100	101	86.600
904	301	6417	318	-45	10	500	400	0	101	399	101	100	81.100
904	49	4514	48	45	11	500	400	0	101	399	101	99	98.800
905	132	5244	228	-45	0	501	400	0	100	400	100	100	-6.700
905	182	2607	198	45	1	500	401	0	100	400	100	99	82.200
905	306	2104	288	-45	2	500	401	0	100	400	100	99	80.000
905	54	2560	78	-45	3	500	401	0	100	400	100	99	73.300
905	333	2495	18	45	4	501	401	0	100	400	100	100	50.000
905	13	2273	348	-45	5	500	401	0	100	400	100	99	72.200
905	192	2409	168	45	6	500	401	0	99	401	99	100	73.300
905	323	2688	258	-45	7	500	401	0	99	401	99	100	27.700
905	60	5088	138	45	8	500	401	0	100	401	99	99	13.300
905	113	4271	108	45	9	500	401	0	100	400	100	99	94.400
905	324	2867	318	-45	10	500	401	0	100	400	100	99	93.300
905	17	2758	48	45	11	500	401	0	99	401	99	100	65.500
912	195	2277	228	-45	0	502	400	0	102	399	99	99	63.300
912	188	2531	198	45	1	500	402	0	100	401	98	99	88.800
912	300	2546	288	-45	2	500	401	0	99	399	101	101	86.600
912	72	2227	78	-45	3	501	401	0	100	400	98	101	93.300
912	12	2490	18	45	4	500	400	0	100	400	100	100	93.300
912	3	2529	348	-45	5	502	400	0	98	402	98	101	83.300
912	168	2474	168	45	6	501	400	0	101	399	101	99	100.000
912	254	2138	258	-45	7	501	399	0	101	399	101	100	95.500
912	122	2849	138	45	8	500	402	0	99	400	99	101	82.200
912	123	2523	108	45	9	501	401	0	98	402	98	101	83.300
912	332	2603	318	-45	10	502	399	0	101	399	101	99	84.400
912	68	2090	48	45	11	500	402	0	98	402	98	101	77.700
926	239	2205	228	-45	0	501	400	0	100	400	100	100	87.700
926	196	2294	198	45	1	500	401	0	100	400	100	100	97.700
926	303	2246	288	-45	2	501	400	0	100	400	100	100	83.300
926	67	2207	78	-45	3	500	401	0	99	401	99	100	87.700
926	6	2207	18	45	4	500	400	0	99	401	100	100	86.600
926	355	2013	348	-45	5	500	401	0	100	399	100	100	92.200
926	184	2116	168	45	6	501	400	0	98	401	100	100	82.200
926	261	2129	258	-45	7	501	400	0	100	400	100	100	96.600
926	107	2431	138	45	8	501	400	0	100	401	100	100	65.500
926	69	2063	108	45	9	500	401	0	100	400	100	100	56.600
926	341	2320	318	-45	10	500	400	0	99	401	100	100	74.400
926	38	2957	48	45	11	500	400	0	99	401	100	100	88.800
940	264	2262	228	-45	0	500	401	0	100	400	100	100	60.000
940	199	2276	198	45	1	500	401	0	100	399	100	100	98.800
940	286	5244	288	-45	2	501	399	0	100	401	100	99	97.700
940	83	2034	78	-45	3	501	400	0	100	400	100	100	94.400
940	33	2451	18	45	4	501	400	0	100	400	100	100	83.300
940	347	2778	348	-45	5	500	401	0	101	399	100	100	98.800
940	161	2460	168	45	6	500	401	0	99	401	99	100	92.200
940	275	3154	258	-45	7	500	401	0	100	400	100	100	81.100
940	120	2539	138	45	8	501	399	0	99	401	100	100	80.000
940	97	2828	108	45	9	500	401	0	100	400	100	100	87.700
940	299	2589	318	-45	10	501	400	0	101	400	100	98	78.800
940	67	2069	48	45	11	501	399	0	99	401	100	100	78.800
934	216	2408	228	-45	0	501	399	1	95	405	100	105	86.600
934	201	2964	198	45	1	501	400	0	100	400	100	100	96.600
934	287	2046	288	-45	2	500	400	1	100	400	99	132	98.800
934	78	2363	78	-45	3	501	400	1	100	400	99	100	100.000
934	21	2271	18	45	4	500	401	0	100	400	99	100	96.600
934	353	2093	348	-45	5	501	400	0	104	401	100	95	94.400
934	192	2254	168	45	6	517	384	0	100	400	100	100	73.300
934	279	2222	258	-45	7	500	400	0	100	400	100	100	76.600
934	147	2559	138	45	8	501	411	0	100	400	89	100	90.000
934	105	2187	108	45	9	501	401	0	100	396	103	100	96.600
934	309	2095	318	-45	10	500	400	0	99	395	105	101	90.000
934	65	2029	48	45	11	501	400	0	100	400	100	100	81.100
946	210	2860	228	-45	0	502	399	1	100	400	99	100	80.000
946	186	2057	198	45	1	500	401	1	99	401	98	101	86.600
946	298	2551	288	-45	2	502	399	0	99	401	99	100	88.800
946	27	2437	78	-45	3	502	400	0	99	401	99	100	43.300
946	27	2762	18	45	4	502	400	0	99	401	98	100	90.000
946	343	2230	348	-45	5	501	399	0	100	399	101	100	94.400
946	227	2203	168	45	6	502	400	0	99	401	98	102	34.400
946	256	3553	258	-45	7	501	400	0	98	401	100	100	97.700
946	124	2922	138	45	8	500	404	0	98	401	97	101	84.400
946	81	2724	108	45	9	502	399	0	99	401	100	100	70.000
946	318	2802	318	-45	10	501	400	0	100	400	99	100	100.000
946	50	3435	48	45	11	501	402	0	99	401	98	109	97.700
956	213	2692	228	-45	0	498	406	0	109	406	94	94	83.300
956	214	3066	198	45	1	491	452	0	96	406	78	107	82.200
956	333	2295	288	-45	2	492	406	1	94	390	109	109	50.000
956	84	2480	78	-45	3	512	406	0	94	406	94	109	93.300
956	33	2419	18	45	4	515	391	0	94	406	94	109	83.300
956	14	2046	348	-45	5	498	406	0	94	396	104	109	71.100
956	162	2186	168	45	6	510	391	0	110	390	109	94	93.300
956	286	2706	258	-45	7	495	407	0	94	406	93	110	68.800
956	116	2370	138	45	8	491	406	0	109	406	94	93	75.500
956	116	2137	108	45	9	498	406	0	94	406	94	110	91.100
956	339	2047	318	-45	10	497	407	0	94	407	93	109	76.600
956	56	2105	48	45	11	509	391	0	109	406	94	94	91.100
954	234	2021	228	-45	0	500	401	0	99	401	99	100	93.300
954	208	2395	198	45	1	500	402	0	100	400	100	99	88.800
954	265	2138	288	-45	2	501	400	0	100	400	100	99	74.400
954	57	2115	78	-45	3	500	400	0	99	401	99	100	76.600
954	10	2627	18	45	4	501	400	0	99	401	99	100	91.100
954	331	2763	348	-45	5	501	400	0	100	400	100	99	81.100
954	210	2098	168	45	6	500	401	0	99	401	99	100	53.300
954	234	2683	258	-45	7	500	401	0	99	401	99	100	73.300
954	136	2379	138	45	8	500	401	0	99	401	99	100	97.700
954	110	3507	108	45	9	500	401	0	99	401	99	100	97.700
954	316	2682	318	-45	10	501	400	0	99	401	99	100	97.700
954	103	3626	48	45	11	500	401	0	99	401	99	100	38.800
962	221	2325	228	-45	0	500	423	0	134	399	78	67	92.200
962	222	2404	198	45	1	500	400	0	101	399	101	99	73.300
962	294	2390	288	-45	2	500	400	0	101	399	101	99	93.300
962	54	2424	78	-45	3	500	400	0	99	400	101	101	73.300
962	27	2521	18	45	4	506	394	0	100	400	100	101	90.000
962	342	2264	348	-45	5	500	400	0	99	400	101	101	93.300
962	176	2232	168	45	6	500	400	0	101	399	101	99	91.100
962	284	2401	258	-45	7	500	400	0	100	400	100	101	71.100
962	132	2415	138	45	8	500	421	0	101	400	79	100	93.300
962	105	2233	108	45	9	501	400	0	101	400	99	100	96.600
962	285	2036	318	-45	10	500	400	0	100	400	100	101	63.300
962	59	2117	48	45	11	500	400	0	100	400	100	101	87.700
973	58	2206	228	-45	0	512	397	1	99	400	102	95	-88.900
973	245	2784	198	45	1	502	395	1	110	391	103	96	47.700
973	313	2522	288	-45	2	514	397	1	101	399	101	97	72.200
973	61	2677	78	-45	3	505	398	1	102	399	103	93	81.100
973	32	2695	18	45	4	501	390	0	100	399	109	93	84.400
973	358	2237	348	-45	5	507	397	1	101	398	102	97	88.800
973	221	2344	168	45	6	504	400	1	108	392	99	96	41.100
973	236	3660	258	-45	7	506	394	0	100	400	106	100	75.500
973	129	2297	138	45	8	507	399	1	106	394	100	94	90.000
973	85	2223	108	45	9	514	392	1	100	398	107	94	74.400
973	326	2347	318	-45	10	507	398	1	102	396	101	99	91.100
973	50	2563	48	45	11	508	390	1	106	392	110	97	97.700
972	210	2123	228	-45	0	501	400	5	99	401	95	100	80.000
972	214	2162	198	45	1	501	399	0	100	400	102	99	82.200
972	273	2649	288	-45	2	501	402	0	99	400	98	100	83.300
972	63	2271	78	-45	3	500	402	0	99	402	98	99	83.300
972	71	2068	18	45	4	500	401	0	100	401	99	100	41.100
972	320	2875	348	-45	5	501	399	0	100	400	100	99	68.800
972	132	2364	168	45	6	502	399	0	99	400	101	99	60.000
972	247	2272	258	-45	7	502	399	0	98	402	99	100	87.700
972	130	2297	138	45	8	501	401	0	98	401	99	100	91.100
972	142	2019	108	45	9	500	401	0	99	401	100	100	62.200
972	300	2518	318	-45	10	501	400	0	99	401	99	100	80.000
972	101	2489	48	45	11	500	401	0	100	401	99	99	41.100
977	294	2283	228	-45	0	500	400	0	101	399	101	100	26.600
977	184	2472	198	45	1	501	401	0	100	401	99	100	84.400
977	320	2045	288	-45	2	501	401	0	100	399	100	101	64.400
977	50	2239	78	-45	3	502	399	0	101	399	101	99	68.800
977	33	2090	18	45	4	501	400	0	100	400	100	100	83.300
977	356	2244	348	-45	5	501	400	0	100	400	100	100	91.100
977	135	2469	168	45	6	501	402	1	99	400	97	101	63.300
977	302	2703	258	-45	7	500	401	0	100	400	100	100	51.100
977	123	2078	138	45	8	501	400	0	101	399	101	99	83.300
977	71	2096	108	45	9	501	400	0	101	399	100	100	58.800
977	331	2043	318	-45	10	502	399	0	99	401	100	101	85.500
977	44	2060	48	45	11	501	401	0	99	401	99	101	95.500
982	192	2061	228	-45	0	501	401	1	100	401	98	99	60.000
982	210	2259	198	45	1	501	400	0	99	400	101	100	86.600
982	294	2352	288	-45	2	502	399	0	101	400	100	100	93.300
982	37	2061	78	-45	3	501	400	0	99	399	101	101	54.400
982	8	2018	18	45	4	502	400	0	100	400	100	99	88.800
982	329	2498	348	-45	5	502	399	0	101	401	99	99	78.800
982	191	2130	168	45	6	501	400	1	101	398	100	100	74.400
982	211	2018	258	-45	7	501	401	0	100	400	100	100	47.700
982	136	2459	138	45	8	500	401	1	100	399	99	101	97.700
982	117	2249	108	45	9	501	401	0	101	399	100	99	90.000
982	338	2858	318	-45	10	501	401	1	99	401	98	100	77.700
982	65	3004	48	45	11	502	399	0	101	400	100	99	81.100
