userID	responseGiven	reactionTime	correctResp	primeShift	trialNum	blank0_duration	prime_duration	blank1_duration	target_duration	blank2_duration	mask_duration	blank3_duration	accuracyScore
685	354	4340	346	-45	0	502	4999	0	201	400	0	99	91.100
685	237	5199	226	45	1	502	5000	0	201	399	0	98	87.700
685	115	3099	136	45	2	500	5000	0	198	402	0	101	76.600
685	188	3905	196	45	3	501	4999	0	201	401	0	98	91.100
685	231	4512	256	45	4	500	5001	0	200	400	0	99	72.200
685	350	3944	316	45	5	501	5000	0	199	400	0	100	62.200
685	102	3910	166	-45	6	501	4999	0	199	402	0	99	28.800
685	66	5341	76	-45	7	502	4999	0	201	400	0	99	88.800
685	312	3681	286	45	8	500	5001	0	200	400	0	100	71.100
685	101	3130	106	-45	9	500	5001	0	199	401	0	101	94.400
685	38	3557	46	-45	10	501	5000	0	201	400	0	98	91.100
685	6	3011	16	-45	11	502	5001	0	200	400	0	98	88.800
686	1	3402	346	-45	0	503	5008	0	203	389	1	109	83.300
686	214	5098	226	45	1	505	5007	1	202	390	0	109	86.600
686	134	4774	136	45	2	502	5008	1	202	390	0	109	97.700
686	226	5624	196	45	3	510	4992	0	203	405	0	94	66.600
686	250	3768	256	45	4	503	5007	1	187	405	0	109	93.300
686	327	4937	316	45	5	515	4992	0	203	406	0	93	87.700
686	144	6158	166	-45	6	509	4992	0	202	405	1	94	75.500
686	82	5092	76	-45	7	502	5008	1	187	403	1	111	93.300
686	315	3832	286	45	8	503	5008	0	202	390	0	109	67.700
686	91	4177	106	-45	9	513	4992	0	203	405	0	94	83.300
686	19	4571	46	-45	10	502	5008	1	187	404	0	109	70.000
686	16	3127	16	-45	11	513	4992	1	203	403	1	95	100.000
687	352	3013	346	-45	0	500	5002	0	200	399	0	102	93.300
687	235	3168	226	45	1	501	5000	0	201	400	0	101	90.000
687	123	3056	136	45	2	501	5001	0	199	400	0	101	85.500
687	184	4997	196	45	3	501	4999	0	201	401	0	98	86.600
687	249	3577	256	45	4	500	5001	0	199	401	0	101	92.200
687	321	2906	316	45	5	500	5001	0	201	399	0	101	94.400
687	122	3263	166	-45	6	501	5001	0	201	398	0	101	51.100
687	104	3156	76	-45	7	501	4999	0	201	401	0	98	68.800
687	289	2721	286	45	8	502	4999	0	201	399	0	101	96.600
687	79	2378	106	-45	9	501	5002	0	201	399	0	98	70.000
687	71	3707	46	-45	10	501	5001	0	200	400	0	99	72.200
687	14	3841	16	-45	11	500	5000	0	200	401	0	101	97.700
695	351	2808	346	-45	0	501	5001	0	202	398	0	99	94.400
695	224	3548	226	45	1	500	5000	0	200	401	0	101	97.700
695	146	4189	136	45	2	500	4987	0	202	399	0	98	88.800
695	184	5539	196	45	3	500	5001	0	200	400	0	101	86.600
695	246	2833	256	45	4	500	5001	0	199	401	0	100	88.800
695	342	4409	316	45	5	500	5000	0	201	401	0	98	71.100
695	125	2453	166	-45	6	502	5000	0	201	399	0	98	54.400
695	130	3548	76	-45	7	501	5000	0	200	400	0	100	40.000
695	303	3700	286	45	8	500	5004	0	201	399	0	101	81.100
695	114	4056	106	-45	9	501	5000	0	200	399	0	102	91.100
695	84	2477	46	-45	10	502	5000	0	201	399	0	99	57.700
695	3	3307	16	-45	11	500	5001	0	201	399	0	100	85.500
692	348	2294	346	-45	0	501	5000	0	201	400	0	100	97.700
692	232	3237	226	45	1	501	5000	1	200	399	0	100	93.300
692	145	2071	136	45	2	502	5000	0	200	400	0	100	90.000
692	277	3326	196	45	3	502	4999	0	200	401	0	100	10.000
692	257	2287	256	45	4	502	4999	0	201	399	1	100	98.800
692	318	2190	316	45	5	502	5000	0	200	399	1	100	97.700
692	167	4099	166	-45	6	502	5000	0	200	400	0	100	98.800
692	144	2119	76	-45	7	502	4999	0	201	399	1	100	24.400
692	272	2855	286	45	8	501	5001	0	200	400	0	99	84.400
692	128	2363	106	-45	9	501	5001	0	200	400	0	100	75.500
692	100	2422	46	-45	10	501	5000	0	201	399	1	99	40.000
692	322	3068	16	-45	11	502	5000	0	200	400	0	100	40.000
690	44	4557	346	-45	0	500	5000	0	200	400	0	100	35.500
690	218	4395	226	45	1	501	5000	0	201	399	0	100	91.100
690	136	5724	136	45	2	500	5000	0	200	400	0	100	100.000
690	99	4096	196	45	3	503	5001	0	201	399	0	100	-7.800
690	243	4412	256	45	4	500	5001	0	200	400	0	100	85.500
690	314	4031	316	45	5	502	5000	0	200	400	0	100	97.700
690	196	3622	166	-45	6	501	5001	0	200	399	0	100	66.600
690	96	5161	76	-45	7	500	5000	0	200	400	0	100	77.700
690	289	2638	286	45	8	500	5001	0	200	399	0	100	96.600
690	100	2775	106	-45	9	501	4999	0	200	400	0	100	93.300
690	52	3375	46	-45	10	501	4999	0	200	400	0	100	93.300
690	50	3433	16	-45	11	502	4999	0	201	400	0	100	62.200
694	339	3217	346	-45	0	502	5000	0	201	399	0	101	92.200
694	352	3509	226	45	1	502	5000	0	201	400	0	101	-40.000
694	163	2687	136	45	2	501	5000	0	201	400	0	98	70.000
694	169	3026	196	45	3	500	5000	0	202	400	0	99	70.000
694	277	3199	256	45	4	504	4997	0	200	400	0	100	76.600
694	351	2112	316	45	5	500	5000	0	200	401	0	99	61.100
694	140	3786	166	-45	6	500	5001	0	200	401	0	99	71.100
694	46	2271	76	-45	7	501	5000	0	201	400	0	100	66.600
694	295	2515	286	45	8	502	5000	0	200	399	0	101	90.000
694	53	3660	106	-45	9	501	4999	0	200	401	0	99	41.100
694	20	2752	46	-45	10	501	5007	0	202	392	0	99	71.100
694	24	4539	16	-45	11	500	5000	0	201	400	0	100	91.100
700	31	4793	346	-45	0	500	5001	0	201	399	0	100	50.000
700	184	3291	226	45	1	501	4999	0	201	400	0	100	53.300
700	95	2803	136	45	2	501	5000	0	201	399	0	100	54.400
700	99	3667	196	45	3	500	5000	0	201	400	0	100	-7.800
700	248	3538	256	45	4	501	5000	0	200	400	0	100	91.100
700	319	4475	316	45	5	501	4999	0	201	400	0	100	96.600
700	87	3353	166	-45	6	499	5000	0	200	400	0	101	12.200
700	91	3831	76	-45	7	501	5000	0	200	400	0	100	83.300
700	311	2562	286	45	8	501	5000	0	201	399	0	100	72.200
700	137	3486	106	-45	9	500	5000	0	201	399	1	100	65.500
700	19	5562	46	-45	10	500	5000	0	200	402	0	100	70.000
700	8	4985	16	-45	11	502	4999	0	201	400	0	100	91.100
705	359	3084	346	-45	0	502	5000	0	200	399	0	101	85.500
705	223	4322	226	45	1	501	5007	0	199	400	0	101	96.600
705	140	4190	136	45	2	502	5000	0	199	400	0	102	95.500
705	245	4979	196	45	3	501	4999	0	200	401	0	101	45.500
705	246	2979	256	45	4	501	5000	0	199	401	0	101	88.800
705	350	4126	316	45	5	502	4999	0	200	400	0	101	62.200
705	66	3286	166	-45	6	500	5001	0	198	401	0	101	-11.200
705	124	2742	76	-45	7	500	4997	0	199	402	0	100	46.600
705	316	3527	286	45	8	502	5000	0	199	401	0	99	66.600
705	95	3543	106	-45	9	501	5000	0	198	401	0	101	87.700
705	30	4072	46	-45	10	500	5000	0	199	402	0	99	82.200
705	1	3972	16	-45	11	501	5000	0	199	401	0	99	83.300
702	325	3575	346	-45	0	500	5001	0	200	399	1	100	76.600
702	202	4676	226	45	1	501	4999	0	200	400	1	100	73.300
702	212	4937	136	45	2	500	5000	0	200	400	0	100	15.500
702	162	3892	196	45	3	501	5000	0	200	401	0	100	62.200
702	348	3581	256	45	4	500	5000	0	201	400	0	99	-2.300
702	318	2946	316	45	5	503	5000	0	200	399	0	100	97.700
702	154	4728	166	-45	6	501	5000	0	200	400	0	100	86.600
702	69	3980	76	-45	7	500	5000	0	200	400	0	100	92.200
702	303	4645	286	45	8	500	5000	0	201	400	0	99	81.100
702	104	3969	106	-45	9	502	5000	0	201	400	0	98	97.700
702	59	6629	46	-45	10	501	4999	0	200	400	0	100	85.500
702	29	4016	16	-45	11	502	4999	0	200	399	0	100	85.500
710	350	3990	346	-45	0	501	5000	0	200	399	0	100	95.500
710	262	4181	226	45	1	500	5001	0	199	401	0	100	60.000
710	145	3425	136	45	2	502	5000	0	200	400	0	99	90.000
710	345	4588	316	45	5	500	5000	0	199	401	0	100	67.700
710	136	2970	166	-45	6	501	5000	0	200	400	0	100	66.600
710	130	2668	76	-45	7	501	5000	0	200	400	0	99	40.000
710	304	3235	286	45	8	501	4999	0	199	401	0	100	80.000
710	94	2196	106	-45	9	500	5001	0	198	402	0	100	86.600
710	67	3131	46	-45	10	501	4999	0	200	401	0	99	76.600
710	34	3684	16	-45	11	501	5000	0	200	399	0	100	80.000
714	325	2726	346	-45	0	501	5000	0	200	400	0	100	76.600
714	238	3065	226	45	1	500	5000	0	200	401	0	100	86.600
714	95	2494	136	45	2	501	5000	1	200	399	0	100	54.400
714	180	4067	196	45	3	501	5000	0	201	399	0	100	82.200
714	282	4013	256	45	4	501	5000	0	200	400	0	100	71.100
714	295	3673	316	45	5	501	5000	0	200	400	0	100	76.600
714	169	2847	166	-45	6	501	5000	0	199	400	0	101	96.600
714	28	2070	76	-45	7	502	4999	0	199	400	1	100	46.600
714	306	2081	286	45	8	500	5001	0	200	400	0	100	77.700
714	128	2663	106	-45	9	501	5000	0	199	400	0	100	75.500
714	62	2338	46	-45	10	501	5000	0	200	400	0	99	82.200
714	7	3867	16	-45	11	502	5000	0	200	399	0	100	90.000
706	309	4710	346	-45	0	501	5000	0	201	399	0	101	58.800
706	197	8369	226	45	1	500	5000	0	201	400	0	100	67.700
706	139	4589	136	45	2	500	5000	0	200	400	0	101	96.600
706	175	8099	196	45	3	501	4999	0	201	400	0	100	76.600
706	270	4693	256	45	4	502	5000	0	201	399	0	100	84.400
706	341	5048	316	45	5	500	5001	0	201	399	0	100	72.200
706	138	5181	166	-45	6	500	5001	0	201	399	0	100	68.800
706	98	4613	76	-45	7	501	4999	0	201	400	0	101	75.500
716	338	3891	346	-45	0	501	5000	0	200	400	0	100	91.100
706	305	4320	286	45	8	501	5000	0	201	399	0	100	78.800
716	128	7445	226	45	1	501	5000	0	199	401	0	101	-8.900
706	110	5196	106	-45	9	500	5001	0	200	400	0	100	95.500
716	103	4035	136	45	2	500	5000	0	199	401	0	100	63.300
706	71	6524	46	-45	10	500	5000	0	200	400	0	101	72.200
716	193	6212	196	45	3	501	5000	0	199	400	0	101	96.600
706	1	5527	16	-45	11	501	4999	0	200	400	0	101	83.300
716	306	3757	256	45	4	502	5001	0	200	399	0	100	44.400
716	1	3044	316	45	5	501	5000	0	199	401	0	100	50.000
716	170	4835	166	-45	6	500	5001	0	200	400	0	100	95.500
716	95	4284	76	-45	7	500	5001	0	199	400	0	101	78.800
716	296	3537	286	45	8	502	5000	0	199	400	0	101	88.800
716	121	3271	106	-45	9	500	5000	0	199	401	0	100	83.300
716	76	4383	46	-45	10	501	4999	0	199	401	0	101	66.600
716	8	4315	16	-45	11	500	5001	0	200	399	0	100	91.100
718	11	4923	346	-45	0	502	4999	0	199	401	0	100	72.200
718	212	3018	226	45	1	501	5009	0	200	392	0	100	84.400
718	168	2480	136	45	2	502	4998	0	199	397	0	99	64.400
718	201	4280	196	45	3	502	4999	0	199	400	0	102	94.400
718	267	6052	256	45	4	501	5000	0	200	400	0	101	87.700
718	9	3410	316	45	5	501	5001	0	200	400	0	100	41.100
718	183	2920	166	-45	6	502	4999	0	200	400	0	100	81.100
718	87	3118	76	-45	7	501	4999	0	200	401	0	100	87.700
718	293	4465	286	45	8	502	5000	0	199	401	0	99	92.200
718	105	2652	106	-45	9	501	5000	0	200	400	0	99	98.800
718	340	10001	46	-45	10	501	5001	0	199	399	1	101	26.600
718	12	3039	16	-45	11	6477	5000	0	201	401	0	101	95.500
724	329	4363	346	-45	0	495	5010	1	203	388	1	94	81.100
724	231	3840	226	45	1	501	5001	0	203	389	1	94	94.400
724	143	3366	136	45	2	517	4984	0	203	405	1	94	92.200
724	174	5123	196	45	3	487	5000	0	203	405	1	94	75.500
724	255	3607	256	45	4	514	4984	0	203	405	1	94	98.800
724	318	3069	316	45	5	497	5000	1	204	405	0	93	97.700
724	126	3113	166	-45	6	504	5001	0	203	389	1	94	55.500
724	126	4522	76	-45	7	489	4998	0	203	405	0	94	44.400
724	304	4175	286	45	8	503	5001	1	203	388	1	99	80.000
724	102	4545	106	-45	9	495	5000	1	203	405	0	93	95.500
724	61	5649	46	-45	10	509	5000	0	206	390	0	91	83.300
724	39	6121	16	-45	11	508	4984	1	203	406	0	93	74.400
719	357	2830	346	-45	0	501	5000	0	201	399	0	99	87.700
719	233	2378	226	45	1	501	4999	0	200	401	0	100	92.200
719	119	2500	136	45	2	500	5000	0	199	401	0	101	81.100
719	181	4196	196	45	3	501	5001	0	200	400	0	100	83.300
719	260	2488	256	45	4	502	5000	0	200	399	0	101	95.500
719	357	4461	316	45	5	501	4999	0	201	401	0	98	54.400
719	81	2592	166	-45	6	500	5000	0	201	401	0	98	5.500
719	71	2481	76	-45	7	501	4999	0	200	401	0	101	94.400
719	276	2453	286	45	8	501	5000	0	199	400	0	100	88.800
719	95	2767	106	-45	9	501	5000	0	200	400	0	101	87.700
719	33	5334	46	-45	10	501	4999	0	201	400	0	100	85.500
719	13	3075	16	-45	11	501	4999	0	200	400	0	101	96.600
729	314	5166	346	-45	0	496	5005	0	200	400	0	100	64.400
729	247	2957	226	45	1	522	4990	0	200	399	1	100	76.600
729	147	2185	136	45	2	504	5002	1	200	407	1	101	87.700
729	177	3423	196	45	3	514	4995	0	200	400	0	100	78.800
729	281	3728	256	45	4	505	4993	0	210	398	1	90	72.200
729	318	2523	316	45	5	505	4989	0	189	409	1	100	97.700
729	176	3055	166	-45	6	492	4993	1	191	407	1	110	88.800
729	95	2112	76	-45	7	502	5000	1	210	398	0	90	78.800
729	319	4172	286	45	8	500	4995	0	200	407	0	100	63.300
729	155	2512	106	-45	9	504	5000	0	195	400	0	99	45.500
729	38	3577	46	-45	10	504	4997	1	200	399	0	100	91.100
729	9	3878	16	-45	11	506	4989	0	199	410	0	101	92.200
734	338	3516	346	-45	0	501	5001	0	200	399	0	101	91.100
734	206	2778	226	45	1	500	5001	0	198	401	0	101	77.700
734	122	4794	136	45	2	501	5000	0	199	400	0	101	84.400
734	154	10003	196	45	3	501	5000	0	199	400	0	101	53.300
734	281	3137	256	45	4	2023	4999	0	199	402	0	100	72.200
734	348	2754	316	45	5	500	5001	0	200	400	0	100	64.400
734	123	2249	166	-45	6	501	5001	0	201	399	0	100	52.200
734	68	3562	76	-45	7	501	5001	0	201	399	0	100	91.100
734	322	2160	286	45	8	502	4999	0	200	400	0	101	60.000
734	87	2761	106	-45	9	501	5000	0	201	400	0	100	78.800
734	41	3893	46	-45	10	501	5001	0	199	400	0	101	94.400
734	20	2890	16	-45	11	501	5000	0	198	401	0	101	95.500
735	3	4614	346	-45	0	501	5000	0	200	400	0	100	81.100
735	222	5595	226	45	1	500	5000	1	200	399	0	100	95.500
735	157	5872	136	45	2	501	5000	1	200	398	1	101	76.600
735	190	4564	196	45	3	500	5001	0	200	400	0	100	93.300
735	245	4721	256	45	4	501	5000	0	200	399	1	100	87.700
735	329	3276	316	45	5	501	5000	1	200	398	1	101	85.500
735	106	4138	166	-45	6	501	5000	0	200	399	1	100	33.300
735	129	4668	76	-45	7	501	4999	1	200	400	0	100	41.100
735	317	3256	286	45	8	501	5000	0	200	400	0	100	65.500
735	105	3432	106	-45	9	500	5000	1	199	399	0	100	98.800
735	66	4079	46	-45	10	501	5000	0	200	400	0	100	77.700
735	29	5802	16	-45	11	501	5000	1	200	399	0	100	85.500
731	0	3981	346	-45	0	500	5001	0	199	400	0	100	84.400
731	357	3060	226	45	1	500	5001	0	199	400	0	100	-45.600
731	114	2156	136	45	2	500	5002	0	200	399	0	100	75.500
731	182	4005	196	45	3	501	4999	0	199	401	0	101	84.400
731	279	3084	256	45	4	502	4998	0	199	401	0	100	74.400
731	289	2622	316	45	5	500	5001	0	199	400	0	100	70.000
731	155	3307	166	-45	6	500	5001	0	199	400	0	100	87.700
731	46	2036	76	-45	7	500	5000	0	199	401	0	101	66.600
731	294	2461	286	45	8	501	4999	0	199	401	0	100	91.100
731	151	2213	106	-45	9	500	5000	0	199	401	0	100	50.000
731	66	2796	46	-45	10	500	5000	0	199	401	0	101	77.700
731	34	2483	16	-45	11	500	5000	0	199	401	0	101	80.000
727	320	6065	346	-45	0	501	5000	0	199	401	0	100	71.100
727	216	5567	226	45	1	500	5001	0	199	400	0	101	88.800
727	144	4153	136	45	2	501	5000	0	199	401	0	100	91.100
727	180	5862	196	45	3	501	4999	0	199	401	0	101	82.200
727	281	5239	256	45	4	501	4999	0	200	401	0	100	72.200
727	6	5641	316	45	5	501	4999	0	200	401	0	100	44.400
727	129	3240	166	-45	6	500	5000	0	199	401	0	100	58.800
727	113	4521	76	-45	7	500	5000	0	199	401	0	100	58.800
727	245	7307	286	45	8	500	5000	0	199	401	0	100	54.400
727	140	3777	106	-45	9	500	5000	0	199	401	0	100	62.200
727	328	5207	46	-45	10	501	5000	0	199	400	0	100	13.300
727	349	6647	16	-45	11	501	5001	0	200	400	0	100	70.000
732	228	2534	346	-45	0	500	5002	0	201	398	0	100	-31.200
732	43	6015	226	45	1	501	5001	0	201	399	0	100	-96.700
732	124	2188	136	45	2	500	5002	0	201	398	0	100	86.600
732	217	3163	196	45	3	501	4999	0	199	401	0	100	76.600
732	341	2929	256	45	4	501	5001	0	202	399	0	98	5.500
732	351	4279	316	45	5	500	5000	0	201	400	0	100	61.100
732	173	4712	166	-45	6	501	5000	0	199	401	0	100	92.200
732	25	6339	76	-45	7	501	4999	0	201	400	0	100	43.300
732	320	4275	286	45	8	501	5001	0	201	399	0	100	62.200
732	165	3209	106	-45	9	501	5001	0	201	398	0	101	34.400
732	18	6080	46	-45	10	500	5003	0	199	400	0	100	68.800
732	9	4139	16	-45	11	500	5001	0	201	399	0	100	92.200
